X_[0,1] 1
X_[0,98] 0
X_[0,48] 1
X_[0,24] 1
X_[0,12] 1
X_[0,59] 0
X_[0,6] 1
X_[0,53] 1
X_[0,29] 1
X_[0,2] 1
X_[0,49] 0
X_[0,3] 1
X_[0,50] 1
X_[0,26] 0
X_[0,5] 1
X_[0,52] 1
X_[0,28] 1
X_[0,16] 1
X_[0,63] 1
X_[0,8] 1
X_[0,55] 1
X_[0,9] 1
X_[0,10] 0
X_[0,57] 0
X_[0,11] 1
X_[0,17] 1
X_[0,19] 1
X_[0,20] 1
X_[0,21] 1
X_[0,22] 1
X_[0,23] 0
X_[0,27] 0
X_[0,30] 1
X_[0,31] 0
X_[0,32] 1
X_[0,34] 1
X_[0,35] 0
X_[0,37] 0
X_[0,38] 0
X_[0,40] 1
X_[0,41] 1
X_[0,42] 0
X_[0,43] 1
X_[0,46] 1
X_[0,47] 1
X_[0,54] 0
X_[0,61] 1
X_[0,62] 0
X_[0,64] 0
X_[0,65] 0
X_[0,66] 0
X_[0,67] 0
X_[0,73] 1
X_[0,74] 0
X_[0,76] 0
X_[0,77] 1
X_[0,78] 1
X_[0,79] 1
X_[0,80] 1
X_[0,83] 1
X_[0,84] 1
X_[0,85] 0
X_[0,86] 1
X_[0,87] 0
X_[0,88] 1
X_[0,89] 1
X_[0,90] 1
X_[0,91] 0
X_[0,92] 0
X_[0,93] 1
X_[0,94] 0
X_[0,95] 0
X_[0,96] 0
X_[0,97] 0
X_[1,3] 0
X_[1,8] 0
X_[1,55] 0
X_[1,31] 0
X_[1,4] 0
X_[1,51] 0
X_[1,27] 0
X_[1,15] 0
X_[1,62] 0
X_[1,5] 0
X_[1,28] 0
X_[1,16] 0
X_[1,63] 0
X_[1,10] 0
X_[1,57] 0
X_[1,11] 0
X_[1,58] 0
X_[1,12] 0
X_[1,59] 0
X_[1,13] 0
X_[1,60] 0
X_[1,18] 0
X_[1,65] 0
X_[1,19] 0
X_[1,20] 0
X_[1,67] 0
X_[1,21] 0
X_[1,22] 0
X_[1,69] 0
X_[1,23] 0
X_[1,25] 1
X_[1,72] 0
X_[1,29] 0
X_[1,30] 0
X_[1,32] 0
X_[1,33] 0
X_[1,35] 0
X_[1,37] 0
X_[1,39] 0
X_[1,42] 0
X_[1,43] 0
X_[1,44] 0
X_[1,46] 0
X_[1,47] 0
X_[1,53] 0
X_[1,54] 0
X_[1,61] 0
X_[1,73] 0
X_[1,74] 0
X_[1,75] 0
X_[1,77] 0
X_[1,78] 0
X_[1,79] 0
X_[1,81] 0
X_[1,84] 0
X_[1,85] 0
X_[1,86] 0
X_[1,87] 0
X_[1,88] 0
X_[1,90] 0
X_[1,91] 0
X_[1,92] 0
X_[1,93] 0
X_[1,94] 0
X_[1,95] 0
X_[1,97] 0
X_[2,3] 0
X_[2,50] 0
X_[2,26] 0
X_[2,73] 0
X_[2,14] 0
X_[2,8] 0
X_[2,4] 1
X_[2,27] 0
X_[2,74] 0
X_[2,9] 0
X_[2,56] 0
X_[2,32] 0
X_[2,20] 0
X_[2,67] 0
X_[2,5] 0
X_[2,28] 0
X_[2,16] 0
X_[2,63] 0
X_[2,10] 0
X_[2,57] 0
X_[2,33] 0
X_[2,80] 0
X_[2,11] 0
X_[2,58] 0
X_[2,18] 0
X_[2,65] 0
X_[2,21] 0
X_[2,68] 0
X_[2,22] 0
X_[2,69] 0
X_[2,23] 0
X_[2,70] 0
X_[2,24] 0
X_[2,71] 0
X_[2,25] 0
X_[2,29] 0
X_[2,76] 0
X_[2,30] 0
X_[2,77] 0
X_[2,35] 0
X_[2,40] 0
X_[2,43] 0
X_[2,48] 0
X_[2,49] 0
X_[2,59] 0
X_[2,66] 0
X_[2,78] 0
X_[2,81] 0
X_[2,82] 0
X_[2,83] 0
X_[2,84] 0
X_[2,85] 0
X_[2,87] 0
X_[2,88] 0
X_[2,89] 0
X_[2,91] 0
X_[2,92] 0
X_[2,93] 0
X_[2,94] 0
X_[2,96] 0
X_[3,6] 0
X_[3,17] 0
X_[3,64] 0
X_[3,8] 0
X_[3,55] 0
X_[3,31] 0
X_[3,19] 0
X_[3,13] 0
X_[3,60] 0
X_[3,12] 0
X_[3,59] 0
X_[3,14] 0
X_[3,61] 0
X_[3,15] 0
X_[3,62] 0
X_[3,16] 0
X_[3,18] 0
X_[3,65] 0
X_[3,20] 0
X_[3,67] 0
X_[3,21] 0
X_[3,68] 0
X_[3,22] 0
X_[3,23] 0
X_[3,24] 0
X_[3,25] 0
X_[3,26] 0
X_[3,27] 0
X_[3,28] 0
X_[3,30] 0
X_[3,32] 0
X_[3,33] 0
X_[3,34] 0
X_[3,36] 0
X_[3,37] 0
X_[3,38] 0
X_[3,39] 0
X_[3,41] 0
X_[3,42] 0
X_[3,43] 0
X_[3,44] 0
X_[3,46] 0
X_[3,47] 0
X_[3,48] 0
X_[3,50] 0
X_[3,54] 0
X_[3,58] 0
X_[3,74] 0
X_[3,76] 0
X_[3,77] 0
X_[3,79] 0
X_[3,82] 0
X_[3,84] 0
X_[3,85] 0
X_[3,86] 0
X_[3,89] 0
X_[3,90] 0
X_[3,91] 0
X_[3,92] 0
X_[3,93] 0
X_[3,94] 0
X_[3,97] 0
X_[3,98] 0
X_[3,99] 1
X_[4,7] 0
X_[4,54] 0
X_[4,30] 0
X_[4,18] 0
X_[4,8] 0
X_[4,55] 0
X_[4,31] 0
X_[4,19] 0
X_[4,13] 0
X_[4,60] 0
X_[4,9] 0
X_[4,56] 0
X_[4,32] 0
X_[4,11] 0
X_[4,58] 0
X_[4,14] 1
X_[4,37] 0
X_[4,15] 0
X_[4,62] 0
X_[4,16] 0
X_[4,17] 0
X_[4,64] 0
X_[4,20] 0
X_[4,67] 0
X_[4,21] 0
X_[4,68] 0
X_[4,23] 0
X_[4,70] 0
X_[4,25] 0
X_[4,28] 0
X_[4,29] 0
X_[4,33] 0
X_[4,35] 0
X_[4,40] 0
X_[4,41] 0
X_[4,43] 0
X_[4,44] 0
X_[4,45] 0
X_[4,46] 0
X_[4,48] 0
X_[4,50] 0
X_[4,51] 0
X_[4,52] 0
X_[4,57] 0
X_[4,59] 0
X_[4,69] 0
X_[4,71] 0
X_[4,72] 0
X_[4,74] 0
X_[4,77] 0
X_[4,78] 0
X_[4,79] 0
X_[4,80] 0
X_[4,82] 0
X_[4,83] 0
X_[4,85] 0
X_[4,86] 0
X_[4,87] 0
X_[4,89] 0
X_[4,90] 0
X_[4,93] 0
X_[4,95] 0
X_[4,97] 0
X_[4,98] 0
X_[4,99] 0
X_[5,7] 0
X_[5,54] 0
X_[5,18] 0
X_[5,65] 0
X_[5,41] 0
X_[5,12] 0
X_[5,59] 0
X_[5,8] 0
X_[5,55] 0
X_[5,31] 0
X_[5,78] 0
X_[5,19] 0
X_[5,66] 0
X_[5,13] 0
X_[5,60] 0
X_[5,11] 0
X_[5,58] 0
X_[5,34] 0
X_[5,15] 0
X_[5,62] 0
X_[5,38] 0
X_[5,16] 0
X_[5,63] 0
X_[5,17] 0
X_[5,20] 0
X_[5,67] 0
X_[5,21] 0
X_[5,68] 0
X_[5,22] 0
X_[5,23] 0
X_[5,70] 0
X_[5,24] 0
X_[5,71] 0
X_[5,25] 0
X_[5,26] 0
X_[5,27] 0
X_[5,33] 0
X_[5,42] 0
X_[5,43] 0
X_[5,44] 0
X_[5,48] 0
X_[5,49] 0
X_[5,53] 0
X_[5,56] 0
X_[5,61] 0
X_[5,75] 0
X_[5,77] 0
X_[5,79] 0
X_[5,81] 0
X_[5,84] 0
X_[5,85] 0
X_[5,87] 0
X_[5,90] 0
X_[5,91] 0
X_[5,92] 0
X_[5,93] 0
X_[5,94] 0
X_[5,95] 0
X_[5,96] 0
X_[5,97] 0
X_[5,98] 0
X_[5,99] 1
X_[6,7] 0
X_[6,12] 0
X_[6,59] 0
X_[6,35] 0
X_[6,23] 0
X_[6,8] 0
X_[6,13] 0
X_[6,60] 0
X_[6,36] 0
X_[6,24] 0
X_[6,11] 0
X_[6,58] 0
X_[6,34] 0
X_[6,81] 0
X_[6,22] 0
X_[6,69] 0
X_[6,45] 0
X_[6,15] 0
X_[6,62] 0
X_[6,38] 0
X_[6,16] 0
X_[6,63] 0
X_[6,20] 0
X_[6,25] 0
X_[6,28] 0
X_[6,29] 0
X_[6,76] 0
X_[6,32] 0
X_[6,79] 0
X_[6,37] 0
X_[6,84] 0
X_[6,41] 0
X_[6,88] 0
X_[6,44] 0
X_[6,46] 0
X_[6,47] 0
X_[6,48] 0
X_[6,49] 0
X_[6,50] 0
X_[6,52] 0
X_[6,57] 0
X_[6,61] 0
X_[6,65] 0
X_[6,66] 0
X_[6,68] 0
X_[6,78] 0
X_[6,80] 0
X_[6,89] 0
X_[6,90] 0
X_[6,92] 0
X_[6,96] 0
X_[6,99] 1
X_[7,9] 0
X_[7,56] 0
X_[7,32] 0
X_[7,79] 0
X_[7,20] 0
X_[7,14] 0
X_[7,61] 0
X_[7,11] 0
X_[7,58] 0
X_[7,34] 0
X_[7,22] 0
X_[7,12] 0
X_[7,59] 0
X_[7,35] 0
X_[7,13] 0
X_[7,60] 0
X_[7,36] 0
X_[7,16] 0
X_[7,18] 0
X_[7,65] 0
X_[7,41] 0
X_[7,19] 0
X_[7,66] 0
X_[7,42] 0
X_[7,21] 0
X_[7,68] 0
X_[7,44] 0
X_[7,24] 0
X_[7,25] 0
X_[7,28] 0
X_[7,75] 0
X_[7,29] 0
X_[7,31] 0
X_[7,78] 0
X_[7,45] 0
X_[7,46] 0
X_[7,47] 0
X_[7,48] 0
X_[7,49] 0
X_[7,50] 0
X_[7,53] 0
X_[7,57] 0
X_[7,62] 0
X_[7,64] 0
X_[7,70] 0
X_[7,74] 0
X_[7,80] 0
X_[7,81] 0
X_[7,82] 0
X_[7,84] 0
X_[7,85] 0
X_[7,88] 0
X_[7,89] 0
X_[7,90] 0
X_[7,91] 0
X_[7,92] 0
X_[7,93] 0
X_[7,95] 0
X_[7,96] 0
X_[7,97] 0
X_[7,99] 1
X_[8,3] 0
X_[8,50] 0
X_[8,26] 0
X_[8,14] 0
X_[8,61] 0
X_[8,37] 0
X_[8,13] 0
X_[8,60] 0
X_[8,36] 0
X_[8,9] 0
X_[8,56] 0
X_[8,10] 0
X_[8,57] 0
X_[8,21] 0
X_[8,68] 0
X_[8,11] 0
X_[8,58] 0
X_[8,15] 1
X_[8,62] 0
X_[8,38] 0
X_[8,17] 0
X_[8,40] 0
X_[8,18] 0
X_[8,65] 0
X_[8,19] 0
X_[8,66] 0
X_[8,22] 0
X_[8,69] 0
X_[8,23] 0
X_[8,24] 0
X_[8,28] 0
X_[8,30] 0
X_[8,31] 0
X_[8,35] 0
X_[8,41] 0
X_[8,42] 0
X_[8,43] 0
X_[8,45] 0
X_[8,47] 0
X_[8,48] 0
X_[8,49] 0
X_[8,51] 0
X_[8,54] 0
X_[8,55] 0
X_[8,59] 0
X_[8,63] 0
X_[8,67] 0
X_[8,70] 0
X_[8,71] 0
X_[8,72] 0
X_[8,73] 0
X_[8,76] 0
X_[8,77] 0
X_[8,78] 0
X_[8,79] 0
X_[8,81] 0
X_[8,82] 0
X_[8,83] 0
X_[8,84] 0
X_[8,85] 0
X_[8,86] 0
X_[8,87] 0
X_[8,88] 0
X_[8,89] 0
X_[8,90] 0
X_[8,91] 0
X_[8,92] 0
X_[8,94] 0
X_[8,95] 0
X_[8,96] 0
X_[8,98] 0
X_[9,12] 0
X_[9,59] 0
X_[9,35] 0
X_[9,23] 0
X_[9,13] 0
X_[9,60] 0
X_[9,36] 0
X_[9,15] 0
X_[9,62] 0
X_[9,38] 0
X_[9,4] 0
X_[9,51] 0
X_[9,27] 0
X_[9,26] 0
X_[9,16] 0
X_[9,17] 0
X_[9,64] 0
X_[9,40] 0
X_[9,18] 0
X_[9,65] 0
X_[9,41] 0
X_[9,21] 0
X_[9,68] 0
X_[9,25] 0
X_[9,28] 0
X_[9,29] 0
X_[9,30] 0
X_[9,31] 0
X_[9,32] 0
X_[9,33] 0
X_[9,42] 0
X_[9,43] 0
X_[9,44] 0
X_[9,45] 0
X_[9,46] 0
X_[9,47] 0
X_[9,48] 0
X_[9,49] 0
X_[9,50] 0
X_[9,53] 0
X_[9,54] 0
X_[9,57] 0
X_[9,58] 0
X_[9,61] 0
X_[9,66] 0
X_[9,67] 0
X_[9,69] 0
X_[9,71] 0
X_[9,72] 0
X_[9,73] 0
X_[9,74] 0
X_[9,75] 0
X_[9,76] 0
X_[9,77] 0
X_[9,78] 0
X_[9,80] 0
X_[9,81] 0
X_[9,82] 0
X_[9,84] 0
X_[9,86] 0
X_[9,88] 0
X_[9,90] 0
X_[9,92] 0
X_[9,94] 0
X_[9,96] 0
X_[9,98] 0
X_[9,99] 1
X_[10,11] 0
X_[10,58] 0
X_[10,16] 0
X_[10,39] 0
X_[10,86] 0
X_[10,14] 0
X_[10,25] 0
X_[10,17] 0
X_[10,18] 0
X_[10,41] 0
X_[10,19] 0
X_[10,66] 0
X_[10,42] 0
X_[10,20] 0
X_[10,21] 0
X_[10,68] 0
X_[10,44] 0
X_[10,24] 0
X_[10,71] 0
X_[10,26] 0
X_[10,73] 0
X_[10,28] 0
X_[10,29] 0
X_[10,31] 0
X_[10,78] 0
X_[10,32] 0
X_[10,79] 0
X_[10,33] 0
X_[10,80] 0
X_[10,35] 0
X_[10,82] 0
X_[10,36] 0
X_[10,83] 0
X_[10,38] 0
X_[10,85] 0
X_[10,49] 0
X_[10,51] 0
X_[10,52] 0
X_[10,53] 0
X_[10,54] 0
X_[10,55] 0
X_[10,57] 0
X_[10,59] 0
X_[10,60] 0
X_[10,70] 0
X_[10,74] 0
X_[10,81] 0
X_[10,87] 0
X_[10,89] 0
X_[10,91] 0
X_[10,92] 0
X_[10,93] 0
X_[10,95] 0
X_[10,97] 0
X_[10,98] 0
X_[11,0] 0
X_[11,97] 0
X_[11,47] 0
X_[11,46] 0
X_[11,22] 0
X_[11,69] 0
X_[11,12] 0
X_[11,35] 0
X_[11,14] 0
X_[11,61] 0
X_[11,16] 0
X_[11,63] 0
X_[11,39] 0
X_[11,18] 0
X_[11,65] 0
X_[11,41] 0
X_[11,20] 0
X_[11,21] 0
X_[11,44] 1
X_[11,24] 0
X_[11,71] 0
X_[11,26] 0
X_[11,73] 0
X_[11,28] 0
X_[11,75] 0
X_[11,29] 0
X_[11,76] 0
X_[11,30] 0
X_[11,77] 0
X_[11,31] 0
X_[11,32] 0
X_[11,36] 0
X_[11,38] 0
X_[11,40] 0
X_[11,48] 0
X_[11,50] 0
X_[11,52] 0
X_[11,53] 0
X_[11,54] 0
X_[11,55] 0
X_[11,56] 0
X_[11,57] 0
X_[11,60] 0
X_[11,62] 0
X_[11,64] 0
X_[11,70] 0
X_[11,72] 0
X_[11,74] 0
X_[11,78] 0
X_[11,79] 0
X_[11,83] 0
X_[11,84] 0
X_[11,85] 0
X_[11,86] 0
X_[11,87] 0
X_[11,88] 0
X_[11,89] 0
X_[11,90] 0
X_[11,91] 0
X_[11,93] 0
X_[11,98] 0
X_[12,16] 0
X_[12,27] 0
X_[12,74] 0
X_[12,50] 0
X_[12,21] 0
X_[12,44] 0
X_[12,91] 0
X_[12,32] 0
X_[12,18] 0
X_[12,65] 0
X_[12,41] 0
X_[12,88] 0
X_[12,19] 0
X_[12,66] 0
X_[12,42] 1
X_[12,89] 0
X_[12,20] 0
X_[12,67] 0
X_[12,23] 0
X_[12,70] 0
X_[12,46] 0
X_[12,25] 0
X_[12,26] 0
X_[12,49] 0
X_[12,33] 0
X_[12,80] 0
X_[12,34] 0
X_[12,81] 0
X_[12,35] 0
X_[12,37] 0
X_[12,84] 0
X_[12,40] 0
X_[12,87] 0
X_[12,45] 0
X_[12,47] 0
X_[12,51] 0
X_[12,52] 0
X_[12,55] 0
X_[12,56] 0
X_[12,60] 0
X_[12,69] 0
X_[12,75] 0
X_[12,76] 0
X_[12,77] 0
X_[12,83] 0
X_[12,86] 0
X_[12,90] 0
X_[12,94] 0
X_[12,95] 0
X_[12,97] 0
X_[12,98] 0
X_[13,19] 0
X_[13,66] 0
X_[13,15] 0
X_[13,62] 0
X_[13,16] 0
X_[13,63] 0
X_[13,39] 0
X_[13,86] 0
X_[13,27] 0
X_[13,74] 0
X_[13,18] 0
X_[13,65] 0
X_[13,41] 0
X_[13,88] 0
X_[13,29] 0
X_[13,20] 0
X_[13,67] 0
X_[13,43] 0
X_[13,21] 0
X_[13,44] 0
X_[13,23] 0
X_[13,70] 0
X_[13,46] 0
X_[13,24] 0
X_[13,71] 0
X_[13,31] 0
X_[13,78] 0
X_[13,32] 0
X_[13,79] 0
X_[13,33] 0
X_[13,80] 0
X_[13,35] 0
X_[13,37] 0
X_[13,84] 0
X_[13,45] 0
X_[13,51] 0
X_[13,4] 0
X_[13,54] 0
X_[13,55] 0
X_[13,56] 0
X_[13,57] 0
X_[13,64] 0
X_[13,72] 0
X_[13,75] 0
X_[13,77] 0
X_[13,83] 0
X_[13,89] 0
X_[13,90] 0
X_[13,91] 0
X_[13,93] 0
X_[13,95] 0
X_[13,96] 0
X_[13,99] 0
X_[14,3] 0
X_[14,50] 0
X_[14,26] 0
X_[14,73] 0
X_[14,25] 0
X_[14,8] 0
X_[14,31] 0
X_[14,11] 0
X_[14,34] 0
X_[14,22] 0
X_[14,69] 0
X_[14,16] 0
X_[14,63] 0
X_[14,39] 0
X_[14,17] 0
X_[14,64] 0
X_[14,20] 0
X_[14,67] 0
X_[14,21] 0
X_[14,23] 0
X_[14,70] 0
X_[14,24] 0
X_[14,28] 0
X_[14,29] 0
X_[14,30] 0
X_[14,32] 0
X_[14,33] 0
X_[14,35] 0
X_[14,37] 0
X_[14,38] 0
X_[14,41] 0
X_[14,42] 0
X_[14,46] 0
X_[14,47] 0
X_[14,48] 0
X_[14,51] 0
X_[14,52] 0
X_[14,53] 0
X_[14,54] 0
X_[14,56] 0
X_[14,57] 0
X_[14,60] 0
X_[14,61] 0
X_[14,62] 0
X_[14,65] 0
X_[14,66] 0
X_[14,74] 0
X_[14,76] 0
X_[14,77] 0
X_[14,79] 0
X_[14,80] 0
X_[14,81] 0
X_[14,83] 0
X_[14,84] 0
X_[14,86] 0
X_[14,87] 0
X_[14,90] 0
X_[14,91] 0
X_[14,92] 0
X_[14,93] 0
X_[14,95] 0
X_[14,96] 0
X_[14,98] 0
X_[14,99] 1
X_[15,16] 0
X_[15,63] 0
X_[15,39] 0
X_[15,86] 0
X_[15,27] 0
X_[15,74] 0
X_[15,50] 0
X_[15,21] 0
X_[15,44] 0
X_[15,32] 0
X_[15,79] 0
X_[15,17] 0
X_[15,64] 0
X_[15,28] 0
X_[15,23] 0
X_[15,46] 0
X_[15,24] 0
X_[15,71] 0
X_[15,47] 0
X_[15,25] 0
X_[15,72] 0
X_[15,30] 0
X_[15,77] 0
X_[15,33] 0
X_[15,80] 0
X_[15,35] 0
X_[15,82] 0
X_[15,36] 0
X_[15,83] 0
X_[15,38] 0
X_[15,85] 0
X_[15,41] 0
X_[15,43] 0
X_[15,45] 0
X_[15,49] 0
X_[15,51] 0
X_[15,58] 0
X_[15,59] 0
X_[15,60] 0
X_[15,61] 0
X_[15,62] 0
X_[15,65] 0
X_[15,66] 0
X_[15,67] 0
X_[15,69] 0
X_[15,73] 0
X_[15,78] 0
X_[15,88] 0
X_[15,89] 0
X_[15,90] 0
X_[15,91] 0
X_[15,94] 0
X_[15,97] 0
X_[15,99] 1
X_[16,3] 0
X_[16,49] 0
X_[16,21] 0
X_[16,68] 0
X_[16,44] 0
X_[16,32] 0
X_[16,17] 0
X_[16,64] 0
X_[16,40] 0
X_[16,20] 0
X_[16,43] 0
X_[16,31] 0
X_[16,78] 0
X_[16,23] 0
X_[16,70] 0
X_[16,46] 0
X_[16,24] 0
X_[16,71] 0
X_[16,29] 0
X_[16,76] 0
X_[16,6] 0
X_[16,33] 0
X_[16,80] 0
X_[16,35] 0
X_[16,36] 0
X_[16,83] 0
X_[16,37] 0
X_[16,84] 0
X_[16,38] 0
X_[16,85] 0
X_[16,41] 0
X_[16,45] 0
X_[16,51] 0
X_[16,52] 0
X_[16,54] 0
X_[16,56] 0
X_[16,57] 0
X_[16,58] 0
X_[16,59] 0
X_[16,61] 0
X_[16,63] 0
X_[16,65] 0
X_[16,72] 0
X_[16,73] 0
X_[16,74] 0
X_[16,75] 0
X_[16,86] 0
X_[16,87] 0
X_[16,88] 0
X_[16,91] 0
X_[16,92] 0
X_[16,94] 0
X_[16,95] 0
X_[16,96] 0
X_[16,97] 0
X_[16,98] 0
X_[16,99] 1
X_[17,26] 0
X_[17,73] 0
X_[17,27] 1
X_[17,74] 0
X_[17,4] 0
X_[17,20] 0
X_[17,67] 0
X_[17,43] 0
X_[17,90] 0
X_[17,21] 0
X_[17,22] 0
X_[17,45] 0
X_[17,92] 0
X_[17,24] 0
X_[17,25] 0
X_[17,28] 0
X_[17,75] 0
X_[17,5] 0
X_[17,52] 0
X_[17,30] 0
X_[17,31] 0
X_[17,32] 0
X_[17,79] 0
X_[17,33] 0
X_[17,34] 0
X_[17,35] 0
X_[17,36] 0
X_[17,83] 0
X_[17,38] 0
X_[17,85] 0
X_[17,39] 0
X_[17,40] 0
X_[17,41] 0
X_[17,47] 0
X_[17,48] 0
X_[17,53] 0
X_[17,54] 0
X_[17,55] 0
X_[17,57] 0
X_[17,58] 0
X_[17,59] 0
X_[17,61] 0
X_[17,64] 0
X_[17,65] 0
X_[17,76] 0
X_[17,89] 0
X_[17,91] 0
X_[17,93] 0
X_[17,95] 0
X_[17,97] 0
X_[17,99] 0
X_[18,20] 0
X_[18,67] 0
X_[18,43] 0
X_[18,31] 0
X_[18,19] 0
X_[18,42] 0
X_[18,21] 0
X_[18,68] 0
X_[18,44] 0
X_[18,22] 0
X_[18,69] 0
X_[18,33] 0
X_[18,25] 0
X_[18,72] 0
X_[18,48] 0
X_[18,28] 0
X_[18,75] 0
X_[18,34] 0
X_[18,35] 0
X_[18,82] 0
X_[18,37] 0
X_[18,84] 0
X_[18,38] 0
X_[18,85] 0
X_[18,41] 0
X_[18,46] 0
X_[18,47] 0
X_[18,49] 0
X_[18,50] 0
X_[18,52] 0
X_[18,5] 0
X_[18,53] 0
X_[18,55] 0
X_[18,56] 0
X_[18,57] 0
X_[18,58] 0
X_[18,59] 0
X_[18,60] 0
X_[18,61] 0
X_[18,63] 0
X_[18,70] 0
X_[18,71] 0
X_[18,73] 0
X_[18,74] 0
X_[18,77] 0
X_[18,79] 0
X_[18,86] 0
X_[18,87] 0
X_[18,90] 0
X_[18,91] 0
X_[18,93] 0
X_[18,95] 0
X_[18,96] 0
X_[18,97] 0
X_[19,21] 0
X_[19,68] 0
X_[19,44] 0
X_[19,26] 0
X_[19,49] 0
X_[19,22] 0
X_[19,69] 0
X_[19,45] 0
X_[19,33] 0
X_[19,23] 0
X_[19,70] 0
X_[19,25] 0
X_[19,72] 0
X_[19,36] 0
X_[19,83] 0
X_[19,28] 0
X_[19,75] 0
X_[19,29] 0
X_[19,76] 0
X_[19,52] 0
X_[19,30] 0
X_[19,77] 0
X_[19,53] 0
X_[19,31] 0
X_[19,54] 0
X_[19,38] 0
X_[19,85] 0
X_[19,39] 0
X_[19,86] 0
X_[19,40] 0
X_[19,41] 0
X_[19,43] 0
X_[19,50] 0
X_[19,56] 0
X_[19,57] 0
X_[19,58] 0
X_[19,59] 0
X_[19,60] 0
X_[19,61] 0
X_[19,62] 0
X_[19,63] 0
X_[19,64] 1
X_[19,65] 0
X_[19,71] 0
X_[19,74] 0
X_[19,82] 0
X_[19,84] 0
X_[19,87] 0
X_[19,88] 0
X_[19,89] 0
X_[19,90] 0
X_[19,92] 0
X_[19,93] 0
X_[19,94] 0
X_[19,95] 0
X_[19,96] 0
X_[19,97] 0
X_[19,98] 0
X_[19,99] 0
X_[20,27] 0
X_[20,74] 0
X_[20,29] 0
X_[20,76] 0
X_[20,22] 0
X_[20,69] 0
X_[20,21] 0
X_[20,68] 0
X_[20,44] 0
X_[20,23] 0
X_[20,46] 0
X_[20,26] 0
X_[20,73] 0
X_[20,28] 0
X_[20,5] 0
X_[20,52] 0
X_[20,30] 0
X_[20,7] 0
X_[20,54] 0
X_[20,31] 0
X_[20,32] 0
X_[20,79] 0
X_[20,34] 0
X_[20,35] 0
X_[20,82] 0
X_[20,37] 0
X_[20,38] 0
X_[20,85] 0
X_[20,39] 0
X_[20,41] 0
X_[20,42] 0
X_[20,43] 0
X_[20,47] 0
X_[20,48] 0
X_[20,51] 0
X_[20,53] 0
X_[20,55] 0
X_[20,56] 0
X_[20,57] 0
X_[20,58] 0
X_[20,60] 0
X_[20,61] 0
X_[20,62] 0
X_[20,65] 0
X_[20,66] 0
X_[20,71] 0
X_[20,80] 0
X_[20,86] 0
X_[20,90] 0
X_[20,91] 0
X_[20,93] 0
X_[20,94] 0
X_[20,95] 0
X_[20,96] 0
X_[20,98] 0
X_[20,99] 1
X_[21,23] 0
X_[21,70] 0
X_[21,28] 0
X_[21,75] 0
X_[21,51] 0
X_[21,24] 0
X_[21,71] 0
X_[21,35] 0
X_[21,82] 0
X_[21,58] 0
X_[21,29] 0
X_[21,76] 0
X_[21,52] 0
X_[21,27] 0
X_[21,74] 0
X_[21,30] 0
X_[21,77] 0
X_[21,31] 0
X_[21,78] 0
X_[21,54] 0
X_[21,32] 0
X_[21,79] 0
X_[21,55] 0
X_[21,33] 0
X_[21,80] 0
X_[21,36] 0
X_[21,83] 0
X_[21,37] 0
X_[21,84] 0
X_[21,39] 0
X_[21,86] 0
X_[21,41] 0
X_[21,42] 0
X_[21,89] 0
X_[21,44] 0
X_[21,91] 0
X_[21,48] 0
X_[21,57] 0
X_[21,61] 0
X_[21,63] 0
X_[21,65] 0
X_[21,67] 0
X_[21,69] 0
X_[21,73] 0
X_[21,85] 0
X_[21,87] 0
X_[21,90] 0
X_[21,92] 0
X_[21,94] 0
X_[21,95] 0
X_[21,97] 0
X_[21,98] 0
X_[21,99] 1
X_[22,28] 0
X_[22,75] 0
X_[22,5] 0
X_[22,52] 0
X_[22,27] 0
X_[22,25] 0
X_[22,23] 0
X_[22,70] 0
X_[22,46] 0
X_[22,1] 0
X_[22,98] 0
X_[22,48] 0
X_[22,95] 0
X_[22,47] 0
X_[22,94] 0
X_[22,26] 1
X_[22,29] 0
X_[22,6] 0
X_[22,30] 0
X_[22,77] 0
X_[22,31] 0
X_[22,78] 0
X_[22,32] 0
X_[22,79] 0
X_[22,33] 0
X_[22,34] 0
X_[22,36] 0
X_[22,38] 0
X_[22,39] 0
X_[22,86] 0
X_[22,40] 0
X_[22,41] 0
X_[22,42] 0
X_[22,89] 0
X_[22,44] 0
X_[22,91] 0
X_[22,50] 0
X_[22,55] 0
X_[22,58] 0
X_[22,60] 0
X_[22,61] 0
X_[22,62] 0
X_[22,63] 0
X_[22,64] 0
X_[22,65] 0
X_[22,67] 0
X_[22,82] 0
X_[22,90] 0
X_[22,97] 0
X_[23,46] 0
X_[23,26] 0
X_[23,49] 0
X_[23,12] 0
X_[23,24] 0
X_[23,71] 0
X_[23,47] 0
X_[23,0] 0
X_[23,25] 0
X_[23,48] 0
X_[23,1] 0
X_[23,98] 0
X_[23,27] 0
X_[23,50] 0
X_[23,28] 0
X_[23,51] 0
X_[23,4] 0
X_[23,30] 0
X_[23,31] 0
X_[23,78] 0
X_[23,32] 0
X_[23,79] 0
X_[23,36] 0
X_[23,83] 0
X_[23,37] 0
X_[23,84] 0
X_[23,38] 0
X_[23,85] 0
X_[23,42] 0
X_[23,44] 0
X_[23,52] 0
X_[23,53] 0
X_[23,54] 0
X_[23,56] 0
X_[23,57] 0
X_[23,61] 0
X_[23,62] 0
X_[23,63] 0
X_[23,65] 0
X_[23,66] 0
X_[23,67] 0
X_[23,70] 0
X_[23,76] 0
X_[23,80] 0
X_[23,82] 0
X_[23,86] 0
X_[23,87] 0
X_[23,88] 0
X_[23,89] 0
X_[23,92] 0
X_[23,94] 0
X_[23,96] 0
X_[24,29] 0
X_[24,52] 0
X_[24,25] 0
X_[24,72] 0
X_[24,48] 0
X_[24,36] 0
X_[24,83] 0
X_[24,26] 0
X_[24,15] 0
X_[24,38] 0
X_[24,85] 0
X_[24,28] 0
X_[24,75] 0
X_[24,32] 0
X_[24,79] 0
X_[24,55] 0
X_[24,33] 0
X_[24,34] 0
X_[24,35] 0
X_[24,82] 0
X_[24,37] 0
X_[24,84] 0
X_[24,39] 0
X_[24,86] 0
X_[24,41] 0
X_[24,88] 0
X_[24,42] 0
X_[24,43] 0
X_[24,44] 0
X_[24,50] 0
X_[24,54] 0
X_[24,7] 0
X_[24,56] 0
X_[24,57] 0
X_[24,58] 0
X_[24,59] 0
X_[24,61] 0
X_[24,63] 0
X_[24,64] 0
X_[24,65] 0
X_[24,66] 0
X_[24,68] 0
X_[24,69] 0
X_[24,70] 0
X_[24,71] 0
X_[24,77] 0
X_[24,78] 0
X_[24,89] 0
X_[24,93] 0
X_[24,94] 0
X_[24,96] 0
X_[24,97] 0
X_[24,98] 0
X_[24,99] 1
X_[25,22] 0
X_[25,69] 0
X_[25,45] 0
X_[25,33] 0
X_[25,80] 0
X_[25,26] 0
X_[25,49] 0
X_[25,15] 0
X_[25,38] 0
X_[25,85] 0
X_[25,4] 0
X_[25,51] 0
X_[25,37] 0
X_[25,84] 0
X_[25,28] 0
X_[25,75] 0
X_[25,29] 0
X_[25,76] 0
X_[25,30] 0
X_[25,32] 0
X_[25,79] 0
X_[25,35] 0
X_[25,82] 0
X_[25,39] 0
X_[25,40] 0
X_[25,87] 0
X_[25,41] 0
X_[25,42] 0
X_[25,89] 0
X_[25,43] 0
X_[25,44] 0
X_[25,46] 0
X_[25,47] 0
X_[25,48] 0
X_[25,52] 0
X_[25,53] 0
X_[25,54] 0
X_[25,56] 0
X_[25,58] 0
X_[25,60] 0
X_[25,63] 0
X_[25,65] 0
X_[25,70] 0
X_[25,71] 0
X_[25,72] 0
X_[25,78] 0
X_[25,81] 1
X_[25,90] 0
X_[25,91] 0
X_[25,92] 0
X_[25,93] 0
X_[25,94] 0
X_[25,99] 0
X_[26,49] 0
X_[26,96] 0
X_[26,23] 0
X_[26,70] 0
X_[26,46] 0
X_[26,93] 0
X_[26,34] 0
X_[26,57] 0
X_[26,28] 0
X_[26,51] 0
X_[26,39] 0
X_[26,19] 0
X_[26,66] 0
X_[26,42] 0
X_[26,89] 0
X_[26,30] 0
X_[26,77] 0
X_[26,53] 0
X_[26,32] 0
X_[26,35] 0
X_[26,82] 0
X_[26,37] 0
X_[26,84] 0
X_[26,38] 0
X_[26,85] 0
X_[26,40] 0
X_[26,87] 0
X_[26,41] 0
X_[26,45] 0
X_[26,48] 0
X_[26,95] 0
X_[26,50] 0
X_[26,3] 0
X_[26,52] 0
X_[26,58] 0
X_[26,59] 0
X_[26,61] 0
X_[26,62] 0
X_[26,64] 0
X_[26,65] 0
X_[26,68] 0
X_[26,72] 0
X_[26,73] 0
X_[26,78] 0
X_[26,80] 0
X_[26,91] 0
X_[26,94] 0
X_[26,97] 0
X_[26,98] 0
X_[26,99] 1
X_[27,0] 0
X_[27,97] 0
X_[27,33] 0
X_[27,80] 0
X_[27,38] 0
X_[27,49] 0
X_[27,28] 0
X_[27,75] 0
X_[27,51] 0
X_[27,30] 0
X_[27,77] 0
X_[27,53] 0
X_[27,31] 0
X_[27,78] 0
X_[27,54] 0
X_[27,32] 0
X_[27,55] 0
X_[27,35] 0
X_[27,82] 0
X_[27,12] 0
X_[27,59] 0
X_[27,39] 0
X_[27,86] 0
X_[27,40] 0
X_[27,42] 0
X_[27,89] 0
X_[27,43] 0
X_[27,45] 0
X_[27,50] 0
X_[27,3] 0
X_[27,52] 0
X_[27,5] 0
X_[27,56] 0
X_[27,61] 0
X_[27,62] 0
X_[27,63] 0
X_[27,64] 0
X_[27,65] 0
X_[27,68] 0
X_[27,69] 0
X_[27,70] 0
X_[27,72] 0
X_[27,73] 0
X_[27,74] 0
X_[27,76] 0
X_[27,81] 0
X_[27,84] 0
X_[27,88] 0
X_[27,90] 0
X_[27,91] 0
X_[27,92] 0
X_[27,93] 0
X_[27,94] 0
X_[27,96] 0
X_[27,98] 0
X_[27,99] 1
X_[28,35] 0
X_[28,58] 0
X_[28,23] 0
X_[28,70] 0
X_[28,46] 0
X_[28,93] 0
X_[28,34] 0
X_[28,57] 0
X_[28,25] 0
X_[28,2] 0
X_[28,96] 0
X_[28,48] 0
X_[28,95] 0
X_[28,36] 0
X_[28,83] 0
X_[28,26] 0
X_[28,37] 0
X_[28,84] 0
X_[28,29] 0
X_[28,76] 0
X_[28,52] 0
X_[28,30] 0
X_[28,77] 0
X_[28,33] 0
X_[28,80] 0
X_[28,56] 0
X_[28,39] 1
X_[28,86] 0
X_[28,43] 0
X_[28,90] 0
X_[28,44] 0
X_[28,50] 0
X_[28,51] 0
X_[28,55] 0
X_[28,60] 0
X_[28,63] 0
X_[28,65] 0
X_[28,67] 0
X_[28,68] 0
X_[28,74] 0
X_[28,75] 0
X_[28,78] 0
X_[28,79] 0
X_[28,85] 0
X_[28,89] 0
X_[28,92] 0
X_[28,94] 0
X_[28,97] 0
X_[28,98] 0
X_[29,6] 0
X_[29,52] 0
X_[29,39] 0
X_[29,86] 0
X_[29,31] 0
X_[29,78] 0
X_[29,54] 0
X_[29,42] 0
X_[29,89] 0
X_[29,19] 0
X_[29,66] 0
X_[29,41] 0
X_[29,88] 0
X_[29,33] 0
X_[29,35] 0
X_[29,82] 0
X_[29,58] 0
X_[29,36] 0
X_[29,83] 0
X_[29,59] 0
X_[29,37] 0
X_[29,84] 0
X_[29,60] 0
X_[29,38] 0
X_[29,46] 0
X_[29,93] 0
X_[29,47] 0
X_[29,49] 0
X_[29,50] 0
X_[29,51] 0
X_[29,55] 0
X_[29,57] 0
X_[29,62] 0
X_[29,63] 0
X_[29,64] 0
X_[29,65] 0
X_[29,67] 0
X_[29,70] 0
X_[29,71] 0
X_[29,73] 0
X_[29,75] 0
X_[29,79] 0
X_[29,81] 0
X_[29,87] 0
X_[29,91] 0
X_[29,92] 0
X_[29,95] 0
X_[29,96] 0
X_[29,97] 0
X_[29,98] 0
X_[29,99] 1
X_[30,37] 0
X_[30,60] 0
X_[30,35] 0
X_[30,21] 0
X_[30,44] 0
X_[30,91] 0
X_[30,32] 0
X_[30,79] 0
X_[30,43] 0
X_[30,90] 0
X_[30,36] 0
X_[30,38] 0
X_[30,85] 0
X_[30,61] 0
X_[30,40] 0
X_[30,87] 0
X_[30,63] 0
X_[30,42] 0
X_[30,45] 0
X_[30,92] 0
X_[30,46] 0
X_[30,93] 0
X_[30,47] 0
X_[30,48] 0
X_[30,95] 0
X_[30,51] 0
X_[30,4] 0
X_[30,98] 0
X_[30,54] 0
X_[30,62] 0
X_[30,15] 0
X_[30,64] 0
X_[30,65] 0
X_[30,66] 0
X_[30,69] 0
X_[30,70] 0
X_[30,74] 0
X_[30,75] 0
X_[30,76] 0
X_[30,77] 0
X_[30,80] 0
X_[30,81] 0
X_[30,86] 0
X_[30,88] 0
X_[30,96] 0
X_[30,97] 0
X_[30,99] 1
X_[31,35] 0
X_[31,82] 0
X_[31,58] 0
X_[31,27] 0
X_[31,50] 0
X_[31,97] 0
X_[31,38] 0
X_[31,32] 0
X_[31,55] 0
X_[31,43] 0
X_[31,33] 0
X_[31,80] 0
X_[31,56] 0
X_[31,36] 0
X_[31,83] 0
X_[31,59] 0
X_[31,40] 0
X_[31,41] 0
X_[31,88] 0
X_[31,45] 0
X_[31,92] 0
X_[31,46] 0
X_[31,93] 0
X_[31,47] 0
X_[31,49] 0
X_[31,96] 0
X_[31,51] 0
X_[31,98] 0
X_[31,53] 0
X_[31,54] 0
X_[31,57] 0
X_[31,10] 0
X_[31,62] 0
X_[31,64] 0
X_[31,65] 0
X_[31,67] 0
X_[31,68] 0
X_[31,70] 0
X_[31,71] 0
X_[31,72] 0
X_[31,73] 0
X_[31,75] 0
X_[31,77] 0
X_[31,81] 0
X_[31,84] 0
X_[31,89] 0
X_[31,99] 0
X_[32,34] 0
X_[32,45] 0
X_[32,68] 0
X_[32,39] 0
X_[32,86] 0
X_[32,62] 0
X_[32,35] 0
X_[32,58] 0
X_[32,36] 0
X_[32,83] 0
X_[32,37] 0
X_[32,84] 0
X_[32,48] 0
X_[32,95] 0
X_[32,40] 0
X_[32,87] 0
X_[32,63] 0
X_[32,42] 0
X_[32,89] 0
X_[32,44] 0
X_[32,91] 0
X_[32,49] 1
X_[32,96] 0
X_[32,50] 0
X_[32,97] 0
X_[32,53] 0
X_[32,55] 0
X_[32,56] 0
X_[32,61] 0
X_[32,66] 0
X_[32,69] 0
X_[32,70] 0
X_[32,71] 0
X_[32,73] 0
X_[32,74] 0
X_[32,76] 0
X_[32,77] 0
X_[32,78] 0
X_[32,85] 0
X_[32,93] 0
X_[32,94] 0
X_[32,98] 0
X_[33,5] 0
X_[33,99] 1
X_[33,38] 0
X_[33,61] 0
X_[33,18] 0
X_[33,24] 0
X_[33,71] 0
X_[33,46] 0
X_[33,34] 0
X_[33,36] 0
X_[33,83] 0
X_[33,59] 0
X_[33,39] 0
X_[33,86] 0
X_[33,62] 0
X_[33,43] 0
X_[33,90] 0
X_[33,44] 0
X_[33,91] 0
X_[33,48] 0
X_[33,95] 0
X_[33,50] 0
X_[33,53] 0
X_[33,54] 0
X_[33,56] 0
X_[33,58] 0
X_[33,60] 0
X_[33,13] 0
X_[33,63] 0
X_[33,68] 0
X_[33,72] 0
X_[33,73] 0
X_[33,74] 0
X_[33,75] 0
X_[33,79] 0
X_[33,80] 0
X_[33,84] 0
X_[33,92] 0
X_[33,94] 0
X_[33,96] 0
X_[33,98] 0
X_[34,47] 0
X_[34,39] 0
X_[34,86] 0
X_[34,28] 0
X_[34,51] 0
X_[34,38] 0
X_[34,85] 0
X_[34,37] 0
X_[34,84] 0
X_[34,14] 0
X_[34,60] 0
X_[34,41] 0
X_[34,88] 0
X_[34,64] 0
X_[34,43] 0
X_[34,90] 0
X_[34,66] 0
X_[34,44] 0
X_[34,45] 0
X_[34,92] 0
X_[34,46] 0
X_[34,93] 0
X_[34,48] 0
X_[34,95] 0
X_[34,49] 0
X_[34,52] 0
X_[34,99] 1
X_[34,53] 0
X_[34,54] 0
X_[34,55] 0
X_[34,56] 0
X_[34,63] 0
X_[34,69] 0
X_[34,71] 0
X_[34,72] 0
X_[34,73] 0
X_[34,74] 0
X_[34,77] 0
X_[34,80] 0
X_[34,81] 0
X_[34,82] 0
X_[34,87] 0
X_[34,89] 0
X_[35,57] 0
X_[35,55] 0
X_[35,36] 0
X_[35,83] 0
X_[35,59] 0
X_[35,37] 0
X_[35,48] 0
X_[35,25] 0
X_[35,38] 0
X_[35,85] 0
X_[35,61] 0
X_[35,41] 0
X_[35,64] 0
X_[35,43] 0
X_[35,90] 0
X_[35,54] 0
X_[35,53] 0
X_[35,56] 0
X_[35,58] 0
X_[35,11] 0
X_[35,62] 0
X_[35,63] 0
X_[35,67] 0
X_[35,68] 0
X_[35,69] 0
X_[35,70] 0
X_[35,73] 0
X_[35,74] 0
X_[35,76] 0
X_[35,79] 0
X_[35,80] 0
X_[35,86] 0
X_[35,87] 0
X_[35,89] 0
X_[35,92] 0
X_[35,93] 0
X_[35,94] 0
X_[36,57] 0
X_[36,44] 0
X_[36,91] 0
X_[36,35] 0
X_[36,58] 0
X_[36,11] 0
X_[36,46] 0
X_[36,40] 0
X_[36,87] 0
X_[36,63] 0
X_[36,37] 0
X_[36,84] 0
X_[36,60] 0
X_[36,61] 0
X_[36,41] 0
X_[36,88] 0
X_[36,64] 0
X_[36,42] 0
X_[36,65] 0
X_[36,45] 0
X_[36,47] 0
X_[36,94] 0
X_[36,48] 0
X_[36,95] 0
X_[36,50] 0
X_[36,97] 0
X_[36,59] 0
X_[36,62] 0
X_[36,15] 0
X_[36,66] 0
X_[36,68] 0
X_[36,69] 0
X_[36,71] 0
X_[36,72] 0
X_[36,73] 0
X_[36,74] 0
X_[36,75] 0
X_[36,76] 0
X_[36,77] 0
X_[36,78] 0
X_[36,80] 0
X_[36,83] 0
X_[36,85] 0
X_[36,86] 0
X_[36,90] 0
X_[36,98] 0
X_[37,40] 0
X_[37,87] 0
X_[37,39] 0
X_[37,62] 0
X_[37,41] 0
X_[37,88] 0
X_[37,64] 0
X_[37,42] 0
X_[37,89] 0
X_[37,65] 0
X_[37,43] 0
X_[37,90] 0
X_[37,45] 0
X_[37,46] 0
X_[37,93] 0
X_[37,0] 0
X_[37,47] 0
X_[37,94] 0
X_[37,48] 0
X_[37,25] 0
X_[37,72] 0
X_[37,51] 0
X_[37,52] 0
X_[37,53] 0
X_[37,54] 0
X_[37,57] 0
X_[37,58] 0
X_[37,59] 0
X_[37,60] 0
X_[37,61] 0
X_[37,66] 0
X_[37,68] 0
X_[37,69] 0
X_[37,73] 0
X_[37,76] 0
X_[37,81] 0
X_[37,82] 0
X_[37,83] 0
X_[37,84] 0
X_[37,85] 0
X_[37,91] 0
X_[37,97] 0
X_[38,42] 0
X_[38,47] 0
X_[38,94] 0
X_[38,70] 0
X_[38,43] 0
X_[38,66] 0
X_[38,44] 0
X_[38,55] 0
X_[38,78] 0
X_[38,46] 0
X_[38,48] 0
X_[38,95] 0
X_[38,71] 0
X_[38,59] 0
X_[38,49] 0
X_[38,96] 0
X_[38,51] 0
X_[38,61] 0
X_[38,62] 0
X_[38,63] 0
X_[38,68] 0
X_[38,73] 0
X_[38,75] 0
X_[38,76] 0
X_[38,80] 0
X_[38,81] 0
X_[38,84] 0
X_[38,86] 0
X_[38,88] 0
X_[38,92] 0
X_[38,97] 0
X_[39,41] 0
X_[39,52] 0
X_[39,99] 1
X_[39,75] 0
X_[39,51] 0
X_[39,98] 0
X_[39,40] 0
X_[39,62] 0
X_[39,47] 0
X_[39,94] 0
X_[39,48] 0
X_[39,71] 0
X_[39,53] 0
X_[39,76] 0
X_[39,56] 0
X_[39,79] 0
X_[39,57] 0
X_[39,80] 0
X_[39,61] 0
X_[39,68] 0
X_[39,69] 0
X_[39,72] 0
X_[39,77] 0
X_[39,78] 0
X_[39,82] 0
X_[39,83] 0
X_[39,84] 0
X_[39,85] 0
X_[39,86] 0
X_[39,89] 0
X_[39,90] 0
X_[39,92] 0
X_[39,93] 0
X_[39,97] 0
X_[40,46] 0
X_[40,57] 0
X_[40,43] 0
X_[40,90] 0
X_[40,45] 0
X_[40,92] 0
X_[40,56] 0
X_[40,79] 0
X_[40,47] 0
X_[40,94] 0
X_[40,36] 0
X_[40,50] 0
X_[40,97] 0
X_[40,73] 0
X_[40,51] 0
X_[40,98] 0
X_[40,74] 1
X_[40,52] 0
X_[40,53] 0
X_[40,58] 0
X_[40,60] 0
X_[40,62] 0
X_[40,63] 0
X_[40,64] 0
X_[40,65] 0
X_[40,67] 0
X_[40,71] 0
X_[40,77] 0
X_[40,82] 0
X_[40,85] 0
X_[40,88] 0
X_[40,89] 0
X_[40,91] 0
X_[40,96] 0
X_[41,19] 0
X_[41,65] 0
X_[41,52] 0
X_[41,46] 0
X_[41,93] 0
X_[41,69] 0
X_[41,39] 0
X_[41,86] 0
X_[41,62] 0
X_[41,17] 0
X_[41,50] 0
X_[41,97] 0
X_[41,45] 0
X_[41,92] 0
X_[41,68] 0
X_[41,47] 0
X_[41,24] 0
X_[41,71] 0
X_[41,70] 0
X_[41,48] 0
X_[41,95] 0
X_[41,51] 0
X_[41,98] 0
X_[41,53] 0
X_[41,54] 0
X_[41,55] 0
X_[41,56] 0
X_[41,57] 0
X_[41,58] 0
X_[41,61] 0
X_[41,72] 0
X_[41,74] 0
X_[41,75] 1
X_[41,76] 0
X_[41,77] 0
X_[41,78] 0
X_[41,79] 0
X_[41,80] 0
X_[41,81] 0
X_[41,82] 0
X_[41,83] 0
X_[41,88] 0
X_[41,90] 0
X_[41,91] 0
X_[41,96] 0
X_[42,64] 0
X_[42,7] 0
X_[42,51] 0
X_[42,98] 0
X_[42,12] 0
X_[42,45] 0
X_[42,68] 0
X_[42,46] 0
X_[42,93] 0
X_[42,69] 0
X_[42,22] 0
X_[42,48] 0
X_[42,1] 0
X_[42,49] 0
X_[42,3] 0
X_[42,97] 0
X_[42,72] 0
X_[42,55] 0
X_[42,56] 0
X_[42,60] 0
X_[42,61] 0
X_[42,65] 0
X_[42,18] 0
X_[42,66] 0
X_[42,67] 0
X_[42,73] 0
X_[42,75] 0
X_[42,76] 0
X_[42,79] 0
X_[42,83] 0
X_[42,85] 0
X_[42,86] 0
X_[42,89] 0
X_[42,91] 0
X_[42,94] 0
X_[42,99] 1
X_[43,2] 0
X_[43,46] 0
X_[43,93] 0
X_[43,69] 0
X_[43,72] 0
X_[43,33] 0
X_[43,80] 0
X_[43,56] 0
X_[43,44] 0
X_[43,91] 0
X_[43,67] 0
X_[43,40] 0
X_[43,87] 0
X_[43,63] 0
X_[43,51] 0
X_[43,50] 0
X_[43,3] 0
X_[43,97] 0
X_[43,52] 0
X_[43,5] 0
X_[43,99] 0
X_[43,53] 0
X_[43,54] 0
X_[43,55] 0
X_[43,57] 1
X_[43,58] 0
X_[43,60] 0
X_[43,61] 0
X_[43,66] 0
X_[43,73] 0
X_[43,74] 0
X_[43,75] 0
X_[43,76] 0
X_[43,78] 0
X_[43,79] 0
X_[43,81] 0
X_[43,82] 0
X_[43,83] 0
X_[43,84] 0
X_[43,86] 0
X_[43,89] 0
X_[43,90] 0
X_[43,92] 0
X_[43,95] 0
X_[44,45] 0
X_[44,92] 0
X_[44,68] 0
X_[44,56] 0
X_[44,46] 0
X_[44,93] 0
X_[44,23] 0
X_[44,69] 1
X_[44,57] 0
X_[44,47] 0
X_[44,94] 0
X_[44,49] 0
X_[44,96] 0
X_[44,50] 0
X_[44,97] 0
X_[44,73] 0
X_[44,51] 0
X_[44,98] 0
X_[44,74] 0
X_[44,52] 0
X_[44,53] 0
X_[44,58] 0
X_[44,59] 0
X_[44,60] 0
X_[44,63] 0
X_[44,64] 0
X_[44,66] 0
X_[44,67] 0
X_[44,71] 0
X_[44,75] 0
X_[44,78] 0
X_[44,79] 0
X_[44,80] 0
X_[44,81] 0
X_[44,82] 0
X_[44,85] 0
X_[44,87] 0
X_[44,90] 0
X_[44,95] 0
X_[45,46] 0
X_[45,69] 0
X_[45,57] 0
X_[45,48] 0
X_[45,95] 0
X_[45,71] 0
X_[45,53] 0
X_[45,76] 0
X_[45,64] 0
X_[45,52] 0
X_[45,99] 1
X_[45,75] 0
X_[45,63] 0
X_[45,54] 0
X_[45,77] 0
X_[45,55] 0
X_[45,60] 0
X_[45,61] 0
X_[45,65] 0
X_[45,66] 0
X_[45,67] 0
X_[45,70] 0
X_[45,72] 0
X_[45,74] 0
X_[45,79] 0
X_[45,81] 0
X_[45,82] 0
X_[45,83] 0
X_[45,85] 0
X_[45,86] 0
X_[45,88] 0
X_[45,89] 0
X_[45,91] 0
X_[45,92] 0
X_[45,94] 0
X_[45,96] 0
X_[45,97] 0
X_[46,15] 0
X_[46,59] 0
X_[46,50] 0
X_[46,97] 0
X_[46,73] 0
X_[46,47] 0
X_[46,94] 0
X_[46,70] 0
X_[46,58] 0
X_[46,52] 0
X_[46,99] 1
X_[46,75] 0
X_[46,49] 0
X_[46,72] 0
X_[46,54] 0
X_[46,77] 0
X_[46,55] 0
X_[46,56] 0
X_[46,57] 0
X_[46,60] 0
X_[46,63] 0
X_[46,64] 0
X_[46,68] 0
X_[46,69] 0
X_[46,74] 0
X_[46,76] 0
X_[46,78] 0
X_[46,80] 0
X_[46,82] 0
X_[46,83] 0
X_[46,84] 0
X_[46,85] 0
X_[46,87] 0
X_[46,90] 0
X_[46,91] 0
X_[46,92] 0
X_[46,95] 0
X_[47,51] 0
X_[47,98] 0
X_[47,57] 0
X_[47,66] 0
X_[47,9] 0
X_[47,55] 0
X_[47,53] 0
X_[47,48] 0
X_[47,49] 0
X_[47,96] 0
X_[47,50] 0
X_[47,97] 0
X_[47,52] 0
X_[47,99] 1
X_[47,54] 0
X_[47,7] 0
X_[47,58] 0
X_[47,11] 0
X_[47,60] 0
X_[47,61] 0
X_[47,62] 0
X_[47,63] 0
X_[47,64] 0
X_[47,67] 0
X_[47,20] 0
X_[47,68] 0
X_[47,69] 0
X_[47,70] 0
X_[47,72] 0
X_[47,73] 0
X_[47,74] 0
X_[47,75] 0
X_[47,76] 0
X_[47,77] 0
X_[47,78] 0
X_[47,79] 0
X_[47,80] 0
X_[47,81] 0
X_[47,83] 0
X_[47,86] 0
X_[47,87] 0
X_[47,90] 0
X_[47,91] 0
X_[47,93] 0
X_[47,94] 0
X_[48,34] 0
X_[48,45] 0
X_[48,92] 0
X_[48,56] 0
X_[48,50] 0
X_[48,97] 0
X_[48,39] 0
X_[48,86] 0
X_[48,62] 0
X_[48,51] 0
X_[48,98] 0
X_[48,74] 0
X_[48,52] 0
X_[48,53] 0
X_[48,55] 0
X_[48,59] 1
X_[48,60] 0
X_[48,61] 0
X_[48,63] 0
X_[48,64] 0
X_[48,65] 0
X_[48,66] 0
X_[48,67] 0
X_[48,69] 0
X_[48,70] 0
X_[48,71] 0
X_[48,72] 0
X_[48,75] 0
X_[48,76] 0
X_[48,77] 0
X_[48,79] 0
X_[48,80] 0
X_[48,82] 0
X_[48,83] 0
X_[48,84] 0
X_[48,87] 0
X_[48,88] 0
X_[48,90] 0
X_[48,91] 0
X_[48,94] 0
X_[48,96] 0
X_[49,51] 0
X_[49,98] 0
X_[49,74] 0
X_[49,62] 0
X_[49,56] 0
X_[49,67] 0
X_[49,53] 0
X_[49,76] 0
X_[49,64] 0
X_[49,87] 0
X_[49,58] 0
X_[49,81] 0
X_[49,57] 0
X_[49,68] 0
X_[49,65] 0
X_[49,66] 0
X_[49,69] 0
X_[49,73] 0
X_[49,75] 0
X_[49,77] 0
X_[49,78] 0
X_[49,83] 0
X_[49,84] 0
X_[49,86] 0
X_[49,89] 0
X_[49,92] 0
X_[49,95] 0
X_[49,96] 0
X_[49,97] 0
X_[49,99] 1
X_[50,60] 0
X_[50,47] 0
X_[50,94] 0
X_[50,70] 0
X_[50,58] 0
X_[50,81] 0
X_[50,61] 0
X_[50,63] 0
X_[50,51] 0
X_[50,98] 0
X_[50,74] 0
X_[50,27] 0
X_[50,62] 0
X_[50,85] 0
X_[50,54] 0
X_[50,56] 0
X_[50,65] 0
X_[50,67] 0
X_[50,68] 0
X_[50,72] 0
X_[50,75] 0
X_[50,28] 0
X_[50,76] 0
X_[50,87] 0
X_[50,40] 0
X_[50,88] 0
X_[50,89] 0
X_[50,91] 0
X_[50,92] 0
X_[50,93] 0
X_[50,95] 0
X_[50,97] 0
X_[50,99] 1
X_[51,58] 0
X_[51,54] 0
X_[51,77] 0
X_[51,52] 0
X_[51,99] 0
X_[51,75] 0
X_[51,63] 0
X_[51,55] 0
X_[51,78] 0
X_[51,56] 0
X_[51,79] 0
X_[51,57] 0
X_[51,80] 0
X_[51,59] 0
X_[51,61] 0
X_[51,14] 0
X_[51,62] 0
X_[51,64] 0
X_[51,66] 0
X_[51,67] 0
X_[51,69] 0
X_[51,70] 0
X_[51,71] 0
X_[51,76] 0
X_[51,82] 0
X_[51,85] 0
X_[51,86] 0
X_[51,87] 0
X_[51,88] 0
X_[51,89] 0
X_[51,90] 0
X_[51,91] 0
X_[51,92] 0
X_[51,93] 0
X_[51,94] 0
X_[51,96] 0
X_[52,70] 0
X_[52,46] 0
X_[52,69] 0
X_[52,34] 0
X_[52,44] 0
X_[52,91] 0
X_[52,67] 0
X_[52,55] 0
X_[52,74] 0
X_[52,43] 0
X_[52,90] 0
X_[52,66] 0
X_[52,54] 0
X_[52,77] 0
X_[52,48] 0
X_[52,95] 0
X_[52,71] 0
X_[52,24] 0
X_[52,62] 0
X_[52,63] 0
X_[52,65] 0
X_[52,68] 0
X_[52,73] 0
X_[52,75] 0
X_[52,28] 0
X_[52,76] 0
X_[52,78] 0
X_[52,83] 0
X_[52,84] 0
X_[52,85] 0
X_[52,87] 0
X_[52,88] 0
X_[52,92] 0
X_[52,94] 0
X_[52,96] 0
X_[52,97] 0
X_[52,98] 0
X_[52,99] 1
X_[53,63] 0
X_[53,54] 0
X_[53,77] 0
X_[53,65] 0
X_[53,19] 0
X_[53,55] 0
X_[53,56] 0
X_[53,79] 0
X_[53,45] 0
X_[53,67] 0
X_[53,57] 0
X_[53,58] 0
X_[53,62] 0
X_[53,69] 0
X_[53,70] 0
X_[53,71] 0
X_[53,72] 1
X_[53,73] 0
X_[53,74] 0
X_[53,75] 0
X_[53,76] 0
X_[53,82] 0
X_[53,83] 0
X_[53,84] 0
X_[53,85] 0
X_[53,86] 0
X_[53,88] 0
X_[53,89] 0
X_[53,91] 0
X_[53,95] 0
X_[53,96] 0
X_[54,4] 0
X_[54,98] 0
X_[54,73] 0
X_[54,59] 0
X_[54,29] 0
X_[54,75] 0
X_[54,62] 0
X_[54,47] 0
X_[54,94] 0
X_[54,58] 0
X_[54,81] 0
X_[54,55] 0
X_[54,8] 0
X_[54,78] 0
X_[54,56] 0
X_[54,57] 0
X_[54,80] 0
X_[54,60] 0
X_[54,65] 0
X_[54,66] 0
X_[54,71] 0
X_[54,74] 0
X_[54,84] 0
X_[54,86] 0
X_[54,87] 0
X_[54,88] 0
X_[54,89] 0
X_[54,90] 0
X_[54,92] 0
X_[54,93] 0
X_[54,95] 0
X_[54,96] 0
X_[54,97] 0
X_[55,42] 0
X_[55,89] 0
X_[55,87] 0
X_[55,38] 0
X_[55,61] 0
X_[55,51] 0
X_[55,98] 0
X_[55,74] 0
X_[55,56] 0
X_[55,79] 0
X_[55,67] 0
X_[55,57] 0
X_[55,80] 0
X_[55,58] 1
X_[55,63] 0
X_[55,17] 0
X_[55,64] 0
X_[55,86] 0
X_[55,68] 0
X_[55,70] 0
X_[55,75] 0
X_[55,76] 0
X_[55,77] 0
X_[55,78] 0
X_[55,82] 0
X_[55,90] 0
X_[55,91] 0
X_[55,93] 0
X_[55,96] 0
X_[55,97] 0
X_[55,99] 0
X_[56,42] 0
X_[56,89] 0
X_[56,64] 0
X_[56,83] 0
X_[56,12] 0
X_[56,57] 0
X_[56,80] 0
X_[56,54] 0
X_[56,77] 0
X_[56,61] 0
X_[56,14] 0
X_[56,62] 0
X_[56,66] 0
X_[56,68] 0
X_[56,69] 0
X_[56,70] 0
X_[56,72] 0
X_[56,25] 0
X_[56,73] 0
X_[56,74] 0
X_[56,76] 0
X_[56,78] 0
X_[56,82] 0
X_[56,35] 0
X_[56,84] 0
X_[56,86] 0
X_[56,87] 0
X_[56,88] 0
X_[56,90] 0
X_[56,91] 0
X_[56,92] 0
X_[56,93] 0
X_[56,95] 0
X_[56,96] 0
X_[56,97] 0
X_[56,98] 0
X_[57,9] 0
X_[57,78] 0
X_[57,59] 0
X_[57,82] 0
X_[57,70] 0
X_[57,67] 0
X_[57,68] 0
X_[57,45] 0
X_[57,92] 0
X_[57,58] 0
X_[57,81] 0
X_[57,69] 0
X_[57,46] 0
X_[57,93] 0
X_[57,60] 0
X_[57,83] 0
X_[57,62] 0
X_[57,71] 0
X_[57,72] 0
X_[57,73] 0
X_[57,75] 0
X_[57,76] 0
X_[57,77] 0
X_[57,79] 0
X_[57,80] 0
X_[57,85] 0
X_[57,86] 0
X_[57,87] 0
X_[57,90] 0
X_[57,91] 0
X_[57,96] 0
X_[57,97] 0
X_[57,98] 0
X_[57,99] 1
X_[58,6] 0
X_[58,75] 0
X_[58,36] 0
X_[58,59] 0
X_[58,82] 0
X_[58,60] 0
X_[58,62] 0
X_[58,15] 0
X_[58,64] 0
X_[58,65] 0
X_[58,66] 0
X_[58,68] 0
X_[58,69] 0
X_[58,71] 0
X_[58,24] 0
X_[58,73] 0
X_[58,26] 0
X_[58,76] 0
X_[58,77] 0
X_[58,78] 0
X_[58,80] 0
X_[58,33] 0
X_[58,81] 0
X_[58,85] 0
X_[58,86] 0
X_[58,88] 0
X_[58,89] 0
X_[58,91] 0
X_[58,93] 0
X_[58,96] 0
X_[58,97] 0
X_[58,98] 0
X_[58,99] 1
X_[59,18] 0
X_[59,87] 0
X_[59,62] 1
X_[59,71] 0
X_[59,19] 0
X_[59,61] 0
X_[59,38] 0
X_[59,84] 0
X_[59,67] 0
X_[59,90] 0
X_[59,68] 0
X_[59,69] 0
X_[59,0] 0
X_[59,94] 0
X_[59,92] 0
X_[59,70] 0
X_[59,73] 0
X_[59,74] 0
X_[59,75] 0
X_[59,77] 0
X_[59,78] 0
X_[59,79] 0
X_[59,80] 0
X_[59,82] 0
X_[59,93] 0
X_[59,96] 0
X_[59,97] 0
X_[59,98] 0
X_[60,1] 0
X_[60,70] 0
X_[60,45] 0
X_[60,92] 0
X_[60,68] 0
X_[60,10] 0
X_[60,79] 0
X_[60,7] 0
X_[60,76] 0
X_[60,61] 0
X_[60,64] 0
X_[60,18] 0
X_[60,65] 0
X_[60,87] 0
X_[60,66] 0
X_[60,19] 0
X_[60,69] 0
X_[60,73] 0
X_[60,74] 0
X_[60,77] 0
X_[60,81] 0
X_[60,34] 0
X_[60,83] 0
X_[60,86] 0
X_[60,88] 0
X_[60,89] 0
X_[60,90] 0
X_[60,91] 0
X_[60,94] 0
X_[61,5] 0
X_[61,99] 1
X_[61,74] 0
X_[61,38] 0
X_[61,63] 0
X_[61,62] 0
X_[61,64] 0
X_[61,65] 0
X_[61,66] 0
X_[61,67] 0
X_[61,68] 0
X_[61,69] 0
X_[61,70] 0
X_[61,71] 0
X_[61,72] 0
X_[61,73] 0
X_[61,75] 0
X_[61,76] 0
X_[61,77] 0
X_[61,78] 0
X_[61,79] 0
X_[61,80] 0
X_[61,81] 0
X_[61,82] 0
X_[61,83] 0
X_[61,84] 0
X_[61,86] 0
X_[61,87] 0
X_[61,88] 0
X_[61,90] 0
X_[61,91] 0
X_[61,94] 0
X_[61,96] 0
X_[61,98] 0
X_[62,75] 0
X_[62,9] 0
X_[62,78] 0
X_[62,64] 0
X_[62,72] 0
X_[62,27] 0
X_[62,73] 0
X_[62,26] 0
X_[62,79] 0
X_[62,66] 0
X_[62,54] 0
X_[62,65] 0
X_[62,63] 0
X_[62,67] 0
X_[62,20] 0
X_[62,68] 0
X_[62,70] 0
X_[62,71] 0
X_[62,76] 0
X_[62,29] 0
X_[62,80] 0
X_[62,33] 0
X_[62,81] 0
X_[62,82] 0
X_[62,83] 0
X_[62,84] 0
X_[62,85] 0
X_[62,86] 0
X_[62,87] 0
X_[62,88] 0
X_[62,89] 0
X_[62,92] 0
X_[62,94] 0
X_[62,95] 0
X_[62,96] 0
X_[62,97] 0
X_[62,99] 1
X_[63,67] 0
X_[63,14] 0
X_[63,83] 0
X_[63,69] 0
X_[63,92] 0
X_[63,71] 0
X_[63,70] 1
X_[63,1] 0
X_[63,48] 0
X_[63,55] 0
X_[63,78] 0
X_[63,66] 0
X_[63,65] 0
X_[63,88] 0
X_[63,68] 0
X_[63,74] 0
X_[63,27] 0
X_[63,75] 0
X_[63,76] 0
X_[63,77] 0
X_[63,81] 0
X_[63,82] 0
X_[63,86] 0
X_[63,96] 0
X_[64,77] 0
X_[64,75] 0
X_[64,82] 0
X_[64,14] 0
X_[64,83] 0
X_[64,36] 0
X_[64,69] 0
X_[64,92] 0
X_[64,66] 0
X_[64,67] 0
X_[64,90] 0
X_[64,68] 0
X_[64,91] 0
X_[64,72] 0
X_[64,73] 0
X_[64,76] 0
X_[64,78] 0
X_[64,31] 0
X_[64,79] 0
X_[64,80] 0
X_[64,85] 0
X_[64,87] 0
X_[64,88] 0
X_[64,93] 0
X_[64,96] 0
X_[64,98] 0
X_[64,99] 1
X_[65,40] 0
X_[65,86] 0
X_[65,73] 0
X_[65,60] 0
X_[65,5] 0
X_[65,99] 0
X_[65,71] 0
X_[65,77] 0
X_[65,41] 0
X_[65,66] 0
X_[65,68] 0
X_[65,91] 0
X_[65,70] 0
X_[65,93] 0
X_[65,72] 0
X_[65,75] 0
X_[65,76] 0
X_[65,78] 0
X_[65,31] 0
X_[65,81] 0
X_[65,82] 0
X_[65,84] 0
X_[65,85] 0
X_[65,90] 0
X_[65,94] 0
X_[65,95] 0
X_[65,96] 0
X_[65,97] 0
X_[66,62] 0
X_[66,85] 0
X_[66,72] 0
X_[66,68] 0
X_[66,91] 0
X_[66,79] 0
X_[66,70] 0
X_[66,24] 0
X_[66,93] 0
X_[66,74] 0
X_[66,97] 0
X_[66,75] 0
X_[66,98] 0
X_[66,77] 0
X_[66,78] 0
X_[66,82] 0
X_[66,84] 0
X_[66,86] 0
X_[66,89] 0
X_[66,90] 0
X_[66,96] 0
X_[66,99] 0
X_[67,43] 0
X_[67,89] 0
X_[67,15] 0
X_[67,84] 0
X_[67,70] 0
X_[67,55] 0
X_[67,71] 0
X_[67,48] 0
X_[67,95] 0
X_[67,68] 0
X_[67,91] 0
X_[67,44] 0
X_[67,72] 0
X_[67,49] 0
X_[67,96] 0
X_[67,74] 0
X_[67,75] 0
X_[67,76] 0
X_[67,77] 0
X_[67,79] 0
X_[67,80] 0
X_[67,82] 0
X_[67,85] 0
X_[67,88] 0
X_[67,92] 0
X_[67,93] 0
X_[67,94] 0
X_[67,97] 0
X_[67,98] 0
X_[67,99] 0
X_[68,72] 0
X_[68,26] 0
X_[68,70] 0
X_[68,64] 0
X_[68,87] 0
X_[68,75] 0
X_[68,6] 0
X_[68,69] 0
X_[68,65] 0
X_[68,88] 0
X_[68,76] 0
X_[68,71] 0
X_[68,74] 0
X_[68,77] 0
X_[68,78] 0
X_[68,79] 0
X_[68,81] 0
X_[68,83] 0
X_[68,84] 0
X_[68,85] 0
X_[68,86] 0
X_[68,89] 0
X_[68,91] 0
X_[68,93] 0
X_[68,94] 0
X_[68,95] 0
X_[68,96] 0
X_[68,98] 0
X_[69,74] 0
X_[69,97] 0
X_[69,70] 0
X_[69,93] 0
X_[69,59] 0
X_[69,82] 0
X_[69,81] 0
X_[69,71] 0
X_[69,73] 0
X_[69,96] 0
X_[69,75] 0
X_[69,76] 0
X_[69,99] 1
X_[69,77] 0
X_[69,78] 0
X_[69,79] 0
X_[69,84] 0
X_[69,85] 0
X_[69,87] 0
X_[69,90] 0
X_[69,91] 0
X_[69,92] 0
X_[69,95] 0
X_[70,16] 0
X_[70,85] 0
X_[70,21] 0
X_[70,90] 0
X_[70,10] 0
X_[70,76] 0
X_[70,99] 1
X_[70,63] 0
X_[70,86] 0
X_[70,74] 0
X_[70,5] 0
X_[70,75] 0
X_[70,98] 0
X_[70,77] 0
X_[70,81] 0
X_[70,83] 0
X_[70,88] 0
X_[70,89] 0
X_[70,93] 0
X_[70,94] 0
X_[70,95] 0
X_[70,96] 0
X_[71,2] 0
X_[71,96] 0
X_[71,94] 0
X_[71,72] 0
X_[71,74] 0
X_[71,79] 0
X_[71,77] 0
X_[71,8] 0
X_[71,73] 0
X_[71,75] 0
X_[71,80] 0
X_[71,33] 0
X_[71,34] 0
X_[71,81] 0
X_[71,82] 0
X_[71,83] 0
X_[71,84] 0
X_[71,86] 0
X_[71,87] 0
X_[71,88] 0
X_[71,89] 0
X_[71,90] 0
X_[71,91] 0
X_[71,93] 0
X_[71,95] 0
X_[71,97] 0
X_[72,73] 0
X_[72,84] 0
X_[72,31] 0
X_[72,76] 0
X_[72,99] 0
X_[72,87] 0
X_[72,18] 0
X_[72,47] 0
X_[72,93] 0
X_[72,80] 0
X_[72,81] 0
X_[72,83] 0
X_[72,85] 1
X_[72,88] 0
X_[72,89] 0
X_[72,90] 0
X_[72,91] 0
X_[72,92] 0
X_[72,94] 0
X_[72,95] 0
X_[72,97] 0
X_[73,93] 0
X_[73,78] 0
X_[73,94] 0
X_[73,79] 0
X_[73,56] 0
X_[73,44] 0
X_[73,77] 0
X_[73,53] 0
X_[73,72] 0
X_[73,95] 0
X_[73,1] 0
X_[73,74] 0
X_[73,97] 0
X_[73,80] 0
X_[73,81] 0
X_[73,84] 0
X_[73,85] 0
X_[73,87] 0
X_[73,40] 0
X_[73,89] 0
X_[73,92] 0
X_[73,96] 0
X_[73,2] 0
X_[73,98] 0
X_[73,99] 1
X_[74,7] 1
X_[74,99] 0
X_[74,18] 0
X_[74,60] 0
X_[74,82] 0
X_[74,70] 0
X_[74,81] 0
X_[74,75] 0
X_[74,77] 0
X_[74,85] 0
X_[74,16] 0
X_[74,89] 0
X_[74,94] 0
X_[74,95] 0
X_[74,97] 0
X_[75,11] 0
X_[75,77] 0
X_[75,78] 0
X_[75,42] 0
X_[75,88] 0
X_[75,18] 0
X_[75,48] 0
X_[75,94] 0
X_[75,70] 0
X_[75,81] 0
X_[75,12] 0
X_[75,76] 0
X_[75,99] 1
X_[75,82] 0
X_[75,83] 0
X_[75,84] 0
X_[75,86] 0
X_[75,89] 0
X_[75,90] 0
X_[75,91] 0
X_[75,95] 0
X_[75,96] 0
X_[75,98] 0
X_[76,87] 0
X_[76,58] 0
X_[76,91] 0
X_[76,77] 0
X_[76,85] 0
X_[76,39] 0
X_[76,89] 0
X_[76,43] 0
X_[76,92] 0
X_[76,46] 0
X_[76,93] 0
X_[76,94] 0
X_[76,96] 0
X_[76,97] 0
X_[76,99] 0
X_[77,18] 0
X_[77,87] 0
X_[77,84] 0
X_[77,48] 0
X_[77,94] 0
X_[77,81] 0
X_[77,22] 0
X_[77,45] 1
X_[77,91] 0
X_[77,78] 0
X_[77,79] 0
X_[77,82] 0
X_[77,83] 0
X_[77,85] 0
X_[77,86] 0
X_[77,89] 0
X_[77,92] 0
X_[77,93] 0
X_[78,51] 0
X_[78,84] 0
X_[78,79] 0
X_[78,90] 0
X_[78,80] 0
X_[78,82] 0
X_[78,59] 0
X_[78,83] 0
X_[78,87] 0
X_[78,88] 0
X_[78,89] 0
X_[78,91] 0
X_[78,93] 0
X_[78,94] 0
X_[78,95] 0
X_[78,96] 0
X_[78,98] 0
X_[78,99] 1
X_[79,83] 0
X_[79,81] 0
X_[79,92] 0
X_[79,86] 0
X_[79,85] 0
X_[79,8] 0
X_[79,96] 1
X_[79,87] 0
X_[79,88] 0
X_[79,89] 0
X_[79,91] 0
X_[79,99] 0
X_[80,9] 0
X_[80,33] 1
X_[80,0] 0
X_[80,44] 0
X_[80,90] 0
X_[80,58] 0
X_[80,12] 0
X_[80,62] 0
X_[80,85] 0
X_[80,73] 0
X_[80,4] 0
X_[80,96] 0
X_[80,71] 0
X_[80,94] 0
X_[80,82] 0
X_[80,84] 0
X_[80,88] 0
X_[80,89] 0
X_[80,91] 0
X_[80,95] 0
X_[81,10] 0
X_[81,87] 0
X_[81,85] 0
X_[81,82] 0
X_[81,93] 0
X_[81,83] 0
X_[81,84] 0
X_[81,86] 0
X_[81,89] 0
X_[81,90] 0
X_[81,91] 0
X_[81,94] 0
X_[81,95] 0
X_[81,96] 0
X_[81,97] 0
X_[81,99] 1
X_[82,3] 0
X_[82,80] 0
X_[82,83] 0
X_[82,56] 0
X_[82,89] 0
X_[82,75] 0
X_[82,9] 0
X_[82,86] 0
X_[82,85] 0
X_[82,39] 0
X_[82,88] 0
X_[82,90] 0
X_[82,91] 0
X_[82,92] 0
X_[82,93] 0
X_[82,96] 0
X_[82,97] 0
X_[82,99] 0
X_[83,88] 0
X_[83,10] 0
X_[83,87] 0
X_[83,71] 0
X_[83,94] 0
X_[83,78] 0
X_[83,84] 0
X_[83,85] 0
X_[83,90] 0
X_[83,91] 0
X_[83,92] 0
X_[83,0] 0
X_[83,93] 0
X_[83,96] 0
X_[83,97] 0
X_[83,98] 1
X_[84,91] 0
X_[84,85] 0
X_[84,96] 0
X_[84,48] 0
X_[84,25] 0
X_[84,92] 0
X_[84,56] 0
X_[84,89] 0
X_[84,87] 0
X_[84,88] 0
X_[84,97] 0
X_[84,98] 0
X_[84,99] 1
X_[85,89] 0
X_[85,51] 0
X_[85,97] 0
X_[85,17] 0
X_[85,77] 0
X_[85,88] 0
X_[85,81] 0
X_[85,92] 0
X_[85,69] 0
X_[85,90] 0
X_[85,93] 0
X_[85,1] 0
X_[85,94] 0
X_[85,98] 0
X_[85,99] 1
X_[86,34] 0
X_[86,89] 0
X_[86,88] 0
X_[86,55] 0
X_[86,0] 0
X_[86,90] 0
X_[86,93] 0
X_[86,94] 0
X_[86,96] 0
X_[86,97] 0
X_[86,98] 0
X_[86,99] 1
X_[87,5] 0
X_[87,93] 0
X_[87,18] 0
X_[87,88] 0
X_[87,46] 0
X_[87,68] 0
X_[87,90] 0
X_[87,89] 0
X_[87,92] 0
X_[87,97] 0
X_[88,0] 0
X_[88,89] 0
X_[88,2] 0
X_[88,94] 0
X_[88,90] 0
X_[88,8] 0
X_[88,19] 0
X_[88,40] 0
X_[88,80] 0
X_[88,93] 0
X_[88,24] 0
X_[88,1] 0
X_[88,98] 0
X_[88,99] 1
X_[89,13] 0
X_[89,90] 0
X_[89,31] 0
X_[89,77] 0
X_[89,8] 0
X_[89,87] 0
X_[89,91] 1
X_[89,92] 0
X_[89,93] 0
X_[89,94] 0
X_[89,95] 0
X_[89,96] 0
X_[89,98] 0
X_[90,88] 0
X_[90,60] 0
X_[90,13] 0
X_[90,61] 0
X_[90,64] 0
X_[90,41] 0
X_[90,18] 0
X_[90,70] 0
X_[90,93] 0
X_[90,92] 0
X_[90,0] 0
X_[90,91] 0
X_[90,94] 0
X_[90,96] 0
X_[90,97] 0
X_[90,98] 0
X_[90,99] 1
X_[91,2] 0
X_[91,60] 0
X_[91,16] 0
X_[91,93] 0
X_[91,64] 0
X_[91,97] 0
X_[91,5] 0
X_[91,78] 0
X_[91,95] 0
X_[91,96] 0
X_[91,98] 0
X_[91,99] 1
X_[92,35] 0
X_[92,50] 0
X_[92,17] 0
X_[92,93] 0
X_[92,5] 0
X_[92,95] 0
X_[92,96] 0
X_[92,97] 0
X_[92,98] 0
X_[93,0] 0
X_[93,44] 0
X_[93,30] 0
X_[93,99] 1
X_[93,41] 0
X_[93,1] 0
X_[93,28] 0
X_[93,50] 0
X_[93,96] 0
X_[93,32] 0
X_[93,42] 0
X_[93,59] 0
X_[93,95] 0
X_[94,1] 0
X_[94,78] 0
X_[94,22] 0
X_[94,27] 0
X_[94,72] 0
X_[94,40] 0
X_[94,75] 0
X_[94,98] 0
X_[95,13] 0
X_[95,38] 0
X_[95,16] 0
X_[95,67] 0
X_[95,69] 0
X_[95,74] 0
X_[96,24] 0
X_[96,64] 0
X_[96,20] 0
X_[96,86] 0
X_[96,84] 0
X_[96,52] 0
X_[96,98] 0
X_[96,99] 1
X_[97,1] 0
X_[97,16] 0
X_[97,49] 0
X_[97,10] 0
X_[97,65] 0
X_[97,29] 0
X_[97,98] 0
X_[97,84] 0
X_[97,15] 0
X_[97,31] 0
X_[97,54] 0
X_[97,41] 0
X_[97,99] 0
X_[98,9] 0
X_[98,19] 0
X_[98,24] 0
X_[98,11] 0
X_[98,99] 1
X_[98,27] 0
X_[98,40] 0
X_[98,73] 0
X_[98,54] 0
X_[99,16] 0
X_[99,26] 0
X_[99,33] 0
X_[99,52] 0
X_[99,72] 0
X_[99,79] 0
