X_[0,1] 0
X_[0,98] 0
X_[0,48] 0
X_[0,24] 0
X_[0,12] 1
X_[0,6] 0
X_[0,29] 0
X_[0,2] 0
X_[0,49] 1
X_[0,25] 0
X_[0,13] 0
X_[0,60] 0
X_[0,4] 0
X_[0,27] 0
X_[0,5] 0
X_[0,52] 0
X_[0,28] 1
X_[0,16] 1
X_[0,63] 1
X_[0,8] 0
X_[0,55] 0
X_[0,31] 1
X_[0,9] 1
X_[0,32] 1
X_[0,11] 1
X_[0,20] 0
X_[0,21] 1
X_[0,22] 0
X_[0,23] 0
X_[0,30] 0
X_[0,34] 0
X_[0,35] 1
X_[0,36] 1
X_[0,37] 1
X_[0,38] 1
X_[0,39] 0
X_[0,41] 0
X_[0,42] 1
X_[0,43] 1
X_[0,44] 0
X_[0,45] 0
X_[0,46] 1
X_[0,47] 0
X_[0,50] 1
X_[0,54] 0
X_[0,57] 0
X_[0,62] 1
X_[0,64] 1
X_[0,65] 1
X_[0,69] 0
X_[0,70] 0
X_[0,71] 0
X_[0,72] 1
X_[0,74] 1
X_[0,75] 0
X_[0,76] 1
X_[0,77] 0
X_[0,78] 0
X_[0,79] 1
X_[0,80] 0
X_[0,81] 0
X_[0,84] 1
X_[0,85] 0
X_[0,87] 1
X_[0,88] 1
X_[0,89] 0
X_[0,90] 1
X_[0,93] 0
X_[0,95] 1
X_[0,97] 1
X_[1,2] 0
X_[1,49] 0
X_[1,25] 0
X_[1,72] 0
X_[1,24] 0
X_[1,4] 0
X_[1,15] 0
X_[1,62] 0
X_[1,38] 0
X_[1,14] 0
X_[1,37] 0
X_[1,5] 0
X_[1,28] 0
X_[1,75] 0
X_[1,16] 0
X_[1,63] 0
X_[1,39] 0
X_[1,6] 0
X_[1,53] 0
X_[1,29] 0
X_[1,76] 0
X_[1,19] 0
X_[1,66] 0
X_[1,42] 0
X_[1,21] 0
X_[1,68] 0
X_[1,22] 0
X_[1,69] 0
X_[1,26] 0
X_[1,73] 0
X_[1,30] 0
X_[1,32] 0
X_[1,79] 0
X_[1,34] 0
X_[1,40] 0
X_[1,43] 0
X_[1,48] 0
X_[1,50] 0
X_[1,54] 0
X_[1,55] 0
X_[1,56] 0
X_[1,57] 0
X_[1,60] 0
X_[1,64] 0
X_[1,65] 0
X_[1,70] 0
X_[1,74] 0
X_[1,80] 0
X_[1,81] 0
X_[1,82] 0
X_[1,84] 0
X_[1,85] 0
X_[1,86] 0
X_[1,88] 0
X_[1,89] 0
X_[1,92] 0
X_[1,94] 0
X_[1,95] 0
X_[1,97] 0
X_[1,98] 0
X_[2,4] 0
X_[2,51] 0
X_[2,27] 0
X_[2,15] 0
X_[2,62] 0
X_[2,5] 0
X_[2,28] 0
X_[2,16] 0
X_[2,63] 0
X_[2,10] 0
X_[2,6] 0
X_[2,53] 0
X_[2,29] 0
X_[2,17] 0
X_[2,64] 0
X_[2,8] 0
X_[2,55] 0
X_[2,31] 0
X_[2,12] 0
X_[2,59] 0
X_[2,13] 0
X_[2,60] 0
X_[2,18] 0
X_[2,19] 0
X_[2,20] 0
X_[2,21] 0
X_[2,23] 0
X_[2,24] 0
X_[2,26] 0
X_[2,32] 0
X_[2,34] 0
X_[2,35] 0
X_[2,36] 0
X_[2,39] 0
X_[2,40] 0
X_[2,41] 0
X_[2,43] 0
X_[2,44] 0
X_[2,45] 0
X_[2,46] 0
X_[2,47] 0
X_[2,48] 0
X_[2,49] 0
X_[2,50] 0
X_[2,54] 0
X_[2,56] 0
X_[2,61] 0
X_[2,65] 0
X_[2,67] 0
X_[2,68] 0
X_[2,69] 0
X_[2,70] 0
X_[2,72] 0
X_[2,73] 0
X_[2,74] 0
X_[2,75] 0
X_[2,77] 0
X_[2,79] 0
X_[2,80] 0
X_[2,81] 0
X_[2,82] 0
X_[2,84] 0
X_[2,85] 0
X_[2,87] 0
X_[2,88] 0
X_[2,89] 0
X_[2,91] 0
X_[2,92] 0
X_[2,93] 0
X_[2,94] 0
X_[2,95] 0
X_[3,4] 0
X_[3,27] 0
X_[3,15] 0
X_[3,38] 0
X_[3,9] 0
X_[3,56] 0
X_[3,20] 0
X_[3,67] 0
X_[3,7] 0
X_[3,54] 0
X_[3,30] 0
X_[3,77] 0
X_[3,10] 0
X_[3,11] 0
X_[3,34] 0
X_[3,22] 0
X_[3,69] 0
X_[3,13] 0
X_[3,60] 0
X_[3,36] 0
X_[3,83] 0
X_[3,14] 0
X_[3,61] 0
X_[3,37] 0
X_[3,17] 0
X_[3,40] 0
X_[3,23] 0
X_[3,24] 0
X_[3,28] 0
X_[3,75] 0
X_[3,31] 0
X_[3,78] 0
X_[3,35] 0
X_[3,82] 0
X_[3,41] 0
X_[3,47] 0
X_[3,48] 0
X_[3,50] 0
X_[3,52] 0
X_[3,55] 0
X_[3,63] 0
X_[3,65] 0
X_[3,68] 0
X_[3,72] 0
X_[3,76] 0
X_[3,79] 0
X_[3,80] 0
X_[3,87] 0
X_[3,88] 0
X_[3,89] 0
X_[3,90] 0
X_[3,91] 0
X_[3,94] 0
X_[3,95] 0
X_[3,97] 0
X_[4,5] 0
X_[4,52] 0
X_[4,28] 0
X_[4,10] 0
X_[4,57] 0
X_[4,33] 0
X_[4,6] 0
X_[4,53] 0
X_[4,17] 0
X_[4,8] 0
X_[4,55] 0
X_[4,31] 0
X_[4,9] 0
X_[4,56] 0
X_[4,32] 0
X_[4,11] 0
X_[4,12] 0
X_[4,59] 0
X_[4,13] 0
X_[4,60] 0
X_[4,14] 0
X_[4,61] 0
X_[4,15] 0
X_[4,62] 0
X_[4,19] 0
X_[4,20] 0
X_[4,23] 0
X_[4,24] 0
X_[4,25] 0
X_[4,26] 0
X_[4,27] 0
X_[4,30] 0
X_[4,34] 0
X_[4,35] 0
X_[4,36] 0
X_[4,38] 0
X_[4,39] 0
X_[4,40] 0
X_[4,41] 0
X_[4,42] 0
X_[4,43] 0
X_[4,44] 0
X_[4,45] 0
X_[4,46] 0
X_[4,48] 0
X_[4,49] 0
X_[4,54] 0
X_[4,63] 0
X_[4,64] 0
X_[4,65] 0
X_[4,66] 0
X_[4,67] 0
X_[4,68] 0
X_[4,69] 0
X_[4,70] 0
X_[4,71] 0
X_[4,74] 0
X_[4,77] 0
X_[4,78] 0
X_[4,79] 0
X_[4,80] 0
X_[4,81] 0
X_[4,83] 0
X_[4,84] 0
X_[4,85] 0
X_[4,86] 0
X_[4,87] 0
X_[4,89] 0
X_[4,90] 0
X_[4,91] 0
X_[4,92] 0
X_[4,93] 0
X_[4,94] 0
X_[4,96] 0
X_[4,97] 0
X_[4,99] 0
X_[5,10] 0
X_[5,57] 0
X_[5,33] 0
X_[5,7] 0
X_[5,54] 0
X_[5,30] 0
X_[5,18] 0
X_[5,9] 0
X_[5,56] 0
X_[5,32] 0
X_[5,20] 0
X_[5,11] 0
X_[5,58] 0
X_[5,34] 0
X_[5,0] 0
X_[5,97] 0
X_[5,23] 0
X_[5,70] 0
X_[5,12] 0
X_[5,59] 0
X_[5,35] 0
X_[5,13] 0
X_[5,60] 0
X_[5,36] 0
X_[5,14] 0
X_[5,61] 0
X_[5,16] 0
X_[5,63] 0
X_[5,21] 0
X_[5,24] 0
X_[5,71] 0
X_[5,25] 0
X_[5,72] 0
X_[5,26] 0
X_[5,28] 0
X_[5,37] 0
X_[5,39] 0
X_[5,40] 0
X_[5,43] 0
X_[5,44] 0
X_[5,46] 0
X_[5,49] 0
X_[5,52] 0
X_[5,53] 0
X_[5,55] 0
X_[5,62] 0
X_[5,66] 0
X_[5,69] 0
X_[5,73] 0
X_[5,75] 0
X_[5,76] 0
X_[5,80] 0
X_[5,84] 0
X_[5,85] 0
X_[5,86] 0
X_[5,87] 0
X_[5,88] 0
X_[5,89] 0
X_[5,91] 0
X_[5,92] 0
X_[5,95] 0
X_[5,99] 0
X_[6,9] 0
X_[6,56] 0
X_[6,32] 0
X_[6,20] 0
X_[6,14] 0
X_[6,61] 0
X_[6,37] 0
X_[6,12] 0
X_[6,59] 0
X_[6,35] 0
X_[6,15] 0
X_[6,38] 0
X_[6,4] 0
X_[6,51] 0
X_[6,27] 0
X_[6,16] 0
X_[6,63] 0
X_[6,17] 0
X_[6,64] 0
X_[6,19] 0
X_[6,66] 0
X_[6,22] 0
X_[6,24] 0
X_[6,26] 0
X_[6,28] 0
X_[6,29] 0
X_[6,30] 0
X_[6,31] 0
X_[6,33] 0
X_[6,36] 0
X_[6,39] 0
X_[6,40] 0
X_[6,41] 0
X_[6,43] 0
X_[6,44] 0
X_[6,46] 0
X_[6,47] 0
X_[6,49] 0
X_[6,50] 0
X_[6,52] 0
X_[6,53] 0
X_[6,54] 0
X_[6,55] 0
X_[6,57] 0
X_[6,58] 0
X_[6,60] 0
X_[6,65] 0
X_[6,67] 0
X_[6,69] 0
X_[6,70] 0
X_[6,71] 0
X_[6,72] 0
X_[6,73] 0
X_[6,74] 0
X_[6,75] 0
X_[6,76] 0
X_[6,77] 0
X_[6,78] 0
X_[6,79] 0
X_[6,81] 0
X_[6,82] 0
X_[6,84] 0
X_[6,85] 0
X_[6,87] 0
X_[6,88] 0
X_[6,89] 0
X_[6,90] 0
X_[6,91] 0
X_[6,92] 0
X_[6,95] 0
X_[6,96] 0
X_[6,97] 0
X_[7,3] 0
X_[7,26] 0
X_[7,73] 0
X_[7,8] 0
X_[7,55] 0
X_[7,31] 0
X_[7,19] 0
X_[7,66] 0
X_[7,13] 0
X_[7,60] 0
X_[7,36] 0
X_[7,9] 0
X_[7,56] 0
X_[7,20] 0
X_[7,67] 0
X_[7,10] 0
X_[7,33] 0
X_[7,21] 0
X_[7,68] 0
X_[7,15] 0
X_[7,62] 0
X_[7,38] 0
X_[7,17] 0
X_[7,64] 0
X_[7,18] 0
X_[7,65] 0
X_[7,22] 0
X_[7,69] 0
X_[7,23] 0
X_[7,70] 0
X_[7,24] 0
X_[7,71] 0
X_[7,25] 0
X_[7,72] 0
X_[7,30] 0
X_[7,35] 0
X_[7,39] 0
X_[7,40] 0
X_[7,42] 0
X_[7,45] 0
X_[7,46] 0
X_[7,48] 0
X_[7,49] 0
X_[7,52] 0
X_[7,53] 0
X_[7,54] 0
X_[7,59] 0
X_[7,74] 0
X_[7,76] 0
X_[7,77] 0
X_[7,78] 0
X_[7,79] 0
X_[7,81] 0
X_[7,82] 0
X_[7,84] 0
X_[7,88] 0
X_[7,89] 0
X_[7,90] 0
X_[7,91] 0
X_[7,93] 0
X_[7,94] 0
X_[7,95] 0
X_[7,96] 0
X_[7,98] 0
X_[7,99] 0
X_[8,4] 0
X_[8,27] 0
X_[8,10] 0
X_[8,57] 0
X_[8,33] 0
X_[8,80] 0
X_[8,21] 0
X_[8,68] 0
X_[8,11] 0
X_[8,12] 0
X_[8,59] 0
X_[8,35] 0
X_[8,13] 0
X_[8,36] 0
X_[8,14] 0
X_[8,61] 0
X_[8,37] 0
X_[8,16] 0
X_[8,63] 0
X_[8,39] 0
X_[8,17] 0
X_[8,64] 0
X_[8,40] 0
X_[8,18] 0
X_[8,20] 0
X_[8,67] 0
X_[8,23] 0
X_[8,70] 0
X_[8,24] 0
X_[8,71] 0
X_[8,25] 0
X_[8,72] 0
X_[8,29] 0
X_[8,76] 0
X_[8,30] 0
X_[8,77] 0
X_[8,41] 0
X_[8,44] 0
X_[8,47] 0
X_[8,49] 0
X_[8,50] 0
X_[8,52] 0
X_[8,54] 0
X_[8,55] 0
X_[8,73] 0
X_[8,75] 0
X_[8,78] 0
X_[8,81] 0
X_[8,82] 0
X_[8,84] 0
X_[8,85] 0
X_[8,86] 0
X_[8,87] 0
X_[8,89] 0
X_[8,90] 0
X_[8,91] 0
X_[8,92] 0
X_[8,93] 0
X_[8,94] 0
X_[8,95] 0
X_[8,96] 0
X_[8,97] 0
X_[8,98] 0
X_[8,99] 1
X_[9,14] 0
X_[9,37] 0
X_[9,11] 0
X_[9,34] 0
X_[9,22] 0
X_[9,69] 0
X_[9,12] 0
X_[9,35] 0
X_[9,23] 0
X_[9,70] 0
X_[9,15] 0
X_[9,62] 0
X_[9,38] 0
X_[9,4] 0
X_[9,51] 0
X_[9,27] 0
X_[9,74] 0
X_[9,16] 0
X_[9,39] 0
X_[9,17] 0
X_[9,64] 0
X_[9,40] 0
X_[9,18] 0
X_[9,65] 0
X_[9,20] 0
X_[9,67] 0
X_[9,24] 0
X_[9,25] 0
X_[9,26] 0
X_[9,31] 0
X_[9,36] 0
X_[9,41] 0
X_[9,42] 0
X_[9,43] 0
X_[9,45] 1
X_[9,46] 0
X_[9,47] 0
X_[9,48] 0
X_[9,49] 0
X_[9,50] 0
X_[9,52] 0
X_[9,53] 0
X_[9,56] 0
X_[9,60] 0
X_[9,66] 0
X_[9,68] 0
X_[9,75] 0
X_[9,79] 0
X_[9,80] 0
X_[9,81] 0
X_[9,83] 0
X_[9,84] 0
X_[9,86] 0
X_[9,87] 0
X_[9,88] 0
X_[9,90] 0
X_[9,91] 0
X_[9,92] 0
X_[9,93] 0
X_[9,94] 0
X_[9,95] 0
X_[9,96] 0
X_[9,97] 0
X_[9,99] 0
X_[10,11] 0
X_[10,58] 0
X_[10,34] 0
X_[10,16] 0
X_[10,39] 0
X_[10,13] 0
X_[10,60] 0
X_[10,36] 0
X_[10,24] 0
X_[10,71] 0
X_[10,15] 0
X_[10,62] 0
X_[10,38] 0
X_[10,17] 0
X_[10,64] 0
X_[10,40] 0
X_[10,18] 0
X_[10,20] 0
X_[10,21] 0
X_[10,68] 0
X_[10,23] 0
X_[10,70] 0
X_[10,25] 0
X_[10,26] 0
X_[10,73] 0
X_[10,27] 0
X_[10,74] 0
X_[10,28] 0
X_[10,75] 0
X_[10,29] 0
X_[10,76] 0
X_[10,30] 0
X_[10,35] 0
X_[10,37] 0
X_[10,42] 0
X_[10,43] 0
X_[10,44] 0
X_[10,45] 0
X_[10,47] 0
X_[10,48] 0
X_[10,50] 0
X_[10,51] 0
X_[10,53] 0
X_[10,54] 0
X_[10,56] 0
X_[10,69] 0
X_[10,78] 0
X_[10,79] 0
X_[10,82] 0
X_[10,83] 0
X_[10,85] 0
X_[10,86] 0
X_[10,88] 0
X_[10,89] 0
X_[10,90] 0
X_[10,91] 0
X_[10,92] 0
X_[10,94] 0
X_[10,95] 0
X_[10,97] 0
X_[10,98] 0
X_[10,99] 0
X_[11,14] 0
X_[11,37] 0
X_[11,84] 0
X_[11,15] 0
X_[11,62] 0
X_[11,38] 0
X_[11,85] 0
X_[11,26] 0
X_[11,73] 0
X_[11,49] 0
X_[11,18] 0
X_[11,65] 0
X_[11,29] 0
X_[11,76] 0
X_[11,52] 0
X_[11,23] 0
X_[11,70] 0
X_[11,46] 0
X_[11,22] 0
X_[11,69] 0
X_[11,27] 1
X_[11,74] 0
X_[11,31] 0
X_[11,78] 0
X_[11,32] 0
X_[11,35] 0
X_[11,82] 0
X_[11,36] 0
X_[11,40] 0
X_[11,43] 0
X_[11,44] 0
X_[11,47] 0
X_[11,48] 0
X_[11,53] 0
X_[11,54] 0
X_[11,55] 0
X_[11,56] 0
X_[11,57] 0
X_[11,59] 0
X_[11,60] 0
X_[11,64] 0
X_[11,66] 0
X_[11,68] 0
X_[11,71] 0
X_[11,75] 0
X_[11,77] 0
X_[11,80] 0
X_[11,86] 0
X_[11,87] 0
X_[11,90] 0
X_[11,91] 0
X_[11,92] 0
X_[11,93] 0
X_[11,94] 0
X_[11,95] 0
X_[11,97] 0
X_[11,98] 0
X_[12,15] 0
X_[12,38] 0
X_[12,16] 0
X_[12,63] 0
X_[12,39] 0
X_[12,5] 0
X_[12,52] 0
X_[12,28] 0
X_[12,75] 0
X_[12,17] 0
X_[12,64] 0
X_[12,40] 0
X_[12,18] 0
X_[12,65] 0
X_[12,41] 0
X_[12,19] 0
X_[12,66] 0
X_[12,42] 0
X_[12,20] 0
X_[12,21] 0
X_[12,68] 0
X_[12,22] 0
X_[12,69] 0
X_[12,23] 0
X_[12,70] 0
X_[12,25] 0
X_[12,72] 0
X_[12,26] 0
X_[12,29] 0
X_[12,31] 0
X_[12,78] 0
X_[12,32] 0
X_[12,79] 0
X_[12,35] 0
X_[12,36] 0
X_[12,45] 0
X_[12,46] 0
X_[12,49] 0
X_[12,50] 0
X_[12,51] 0
X_[12,54] 0
X_[12,55] 0
X_[12,57] 0
X_[12,58] 0
X_[12,60] 0
X_[12,61] 0
X_[12,81] 0
X_[12,82] 0
X_[12,83] 0
X_[12,85] 0
X_[12,89] 0
X_[12,90] 0
X_[12,93] 0
X_[12,94] 0
X_[12,95] 0
X_[12,98] 0
X_[12,99] 1
X_[13,14] 0
X_[13,37] 0
X_[13,25] 0
X_[13,15] 0
X_[13,16] 0
X_[13,63] 0
X_[13,39] 0
X_[13,17] 0
X_[13,64] 0
X_[13,40] 0
X_[13,87] 0
X_[13,18] 0
X_[13,65] 0
X_[13,19] 0
X_[13,66] 0
X_[13,42] 0
X_[13,20] 0
X_[13,67] 0
X_[13,21] 0
X_[13,68] 0
X_[13,44] 0
X_[13,22] 0
X_[13,24] 0
X_[13,71] 0
X_[13,26] 1
X_[13,73] 0
X_[13,29] 0
X_[13,76] 0
X_[13,30] 0
X_[13,32] 0
X_[13,33] 0
X_[13,80] 0
X_[13,34] 0
X_[13,81] 0
X_[13,35] 0
X_[13,46] 0
X_[13,47] 0
X_[13,48] 0
X_[13,50] 0
X_[13,51] 0
X_[13,52] 0
X_[13,54] 0
X_[13,56] 0
X_[13,70] 0
X_[13,74] 0
X_[13,75] 0
X_[13,83] 0
X_[13,89] 0
X_[13,90] 0
X_[13,91] 0
X_[13,92] 0
X_[13,94] 0
X_[13,95] 0
X_[13,97] 0
X_[13,98] 0
X_[13,99] 0
X_[14,27] 0
X_[14,74] 0
X_[14,17] 0
X_[14,64] 0
X_[14,40] 0
X_[14,28] 0
X_[14,75] 0
X_[14,5] 0
X_[14,18] 0
X_[14,41] 0
X_[14,29] 0
X_[14,76] 0
X_[14,6] 0
X_[14,53] 0
X_[14,19] 0
X_[14,42] 0
X_[14,20] 0
X_[14,43] 0
X_[14,22] 0
X_[14,69] 0
X_[14,45] 0
X_[14,24] 0
X_[14,71] 0
X_[14,47] 0
X_[14,30] 0
X_[14,77] 0
X_[14,32] 0
X_[14,79] 0
X_[14,33] 0
X_[14,80] 0
X_[14,37] 0
X_[14,39] 0
X_[14,44] 0
X_[14,48] 0
X_[14,50] 0
X_[14,55] 0
X_[14,56] 0
X_[14,57] 0
X_[14,58] 0
X_[14,59] 0
X_[14,60] 0
X_[14,62] 0
X_[14,68] 0
X_[14,72] 0
X_[14,73] 0
X_[14,81] 0
X_[14,83] 0
X_[14,84] 0
X_[14,86] 0
X_[14,87] 0
X_[14,88] 0
X_[14,90] 0
X_[14,92] 0
X_[14,94] 0
X_[14,96] 0
X_[14,98] 0
X_[14,99] 0
X_[15,26] 0
X_[15,19] 0
X_[15,66] 0
X_[15,7] 0
X_[15,54] 0
X_[15,30] 0
X_[15,77] 0
X_[15,18] 0
X_[15,65] 0
X_[15,41] 0
X_[15,29] 0
X_[15,20] 0
X_[15,67] 0
X_[15,21] 0
X_[15,44] 0
X_[15,22] 0
X_[15,24] 0
X_[15,27] 0
X_[15,4] 0
X_[15,51] 0
X_[15,31] 0
X_[15,78] 0
X_[15,32] 0
X_[15,79] 0
X_[15,34] 0
X_[15,81] 0
X_[15,35] 0
X_[15,36] 0
X_[15,83] 0
X_[15,37] 0
X_[15,84] 0
X_[15,38] 0
X_[15,39] 0
X_[15,40] 0
X_[15,46] 0
X_[15,47] 0
X_[15,48] 0
X_[15,49] 0
X_[15,50] 0
X_[15,53] 0
X_[15,55] 0
X_[15,57] 0
X_[15,58] 0
X_[15,62] 0
X_[15,64] 0
X_[15,75] 0
X_[15,80] 0
X_[15,88] 0
X_[15,89] 0
X_[15,92] 0
X_[15,94] 0
X_[15,95] 0
X_[16,19] 0
X_[16,66] 0
X_[16,42] 0
X_[16,30] 0
X_[16,53] 0
X_[16,24] 0
X_[16,47] 0
X_[16,35] 0
X_[16,82] 0
X_[16,20] 0
X_[16,67] 0
X_[16,31] 0
X_[16,78] 0
X_[16,54] 0
X_[16,25] 0
X_[16,48] 0
X_[16,26] 0
X_[16,73] 0
X_[16,49] 0
X_[16,27] 0
X_[16,50] 0
X_[16,28] 0
X_[16,75] 0
X_[16,51] 0
X_[16,32] 0
X_[16,79] 0
X_[16,40] 0
X_[16,41] 0
X_[16,46] 0
X_[16,56] 0
X_[16,57] 0
X_[16,58] 0
X_[16,59] 0
X_[16,60] 0
X_[16,61] 0
X_[16,62] 0
X_[16,63] 0
X_[16,64] 0
X_[16,65] 0
X_[16,68] 0
X_[16,69] 1
X_[16,70] 0
X_[16,76] 0
X_[16,80] 0
X_[16,81] 0
X_[16,85] 0
X_[16,86] 0
X_[16,87] 0
X_[16,90] 0
X_[16,91] 0
X_[16,92] 0
X_[16,95] 0
X_[16,96] 0
X_[16,97] 0
X_[16,98] 0
X_[17,9] 0
X_[17,20] 0
X_[17,67] 0
X_[17,14] 0
X_[17,37] 0
X_[17,25] 0
X_[17,72] 0
X_[17,19] 0
X_[17,66] 0
X_[17,12] 0
X_[17,59] 0
X_[17,35] 0
X_[17,23] 0
X_[17,70] 0
X_[17,18] 0
X_[17,22] 0
X_[17,69] 0
X_[17,24] 0
X_[17,71] 0
X_[17,27] 0
X_[17,28] 0
X_[17,29] 0
X_[17,76] 0
X_[17,30] 0
X_[17,31] 0
X_[17,33] 0
X_[17,34] 0
X_[17,36] 0
X_[17,38] 0
X_[17,39] 0
X_[17,40] 0
X_[17,41] 0
X_[17,42] 0
X_[17,43] 0
X_[17,46] 0
X_[17,47] 0
X_[17,49] 0
X_[17,50] 0
X_[17,51] 0
X_[17,52] 0
X_[17,53] 0
X_[17,54] 0
X_[17,55] 0
X_[17,57] 0
X_[17,60] 0
X_[17,63] 0
X_[17,73] 0
X_[17,77] 0
X_[17,79] 0
X_[17,82] 0
X_[17,84] 0
X_[17,85] 0
X_[17,86] 0
X_[17,87] 0
X_[17,88] 0
X_[17,92] 0
X_[17,93] 0
X_[17,96] 0
X_[17,97] 0
X_[17,99] 0
X_[18,20] 0
X_[18,67] 0
X_[18,43] 0
X_[18,90] 0
X_[18,31] 0
X_[18,21] 0
X_[18,68] 0
X_[18,32] 0
X_[18,79] 0
X_[18,23] 0
X_[18,46] 0
X_[18,12] 0
X_[18,59] 0
X_[18,24] 0
X_[18,47] 0
X_[18,94] 0
X_[18,26] 0
X_[18,49] 0
X_[18,29] 0
X_[18,52] 0
X_[18,30] 0
X_[18,53] 0
X_[18,33] 0
X_[18,80] 0
X_[18,34] 0
X_[18,81] 0
X_[18,36] 0
X_[18,83] 0
X_[18,38] 0
X_[18,41] 0
X_[18,42] 0
X_[18,48] 0
X_[18,54] 0
X_[18,56] 0
X_[18,57] 0
X_[18,58] 0
X_[18,60] 0
X_[18,61] 0
X_[18,63] 0
X_[18,64] 0
X_[18,65] 0
X_[18,66] 0
X_[18,69] 0
X_[18,86] 0
X_[18,87] 0
X_[18,91] 0
X_[18,92] 0
X_[18,95] 0
X_[18,96] 0
X_[18,97] 0
X_[18,98] 0
X_[18,99] 0
X_[19,20] 0
X_[19,67] 0
X_[19,25] 0
X_[19,72] 0
X_[19,48] 0
X_[19,36] 0
X_[19,83] 0
X_[19,22] 0
X_[19,69] 0
X_[19,23] 0
X_[19,70] 0
X_[19,46] 0
X_[19,26] 0
X_[19,37] 0
X_[19,84] 0
X_[19,28] 0
X_[19,75] 0
X_[19,51] 0
X_[19,39] 0
X_[19,32] 0
X_[19,79] 0
X_[19,38] 0
X_[19,85] 0
X_[19,40] 0
X_[19,42] 0
X_[19,44] 0
X_[19,47] 0
X_[19,50] 0
X_[19,53] 0
X_[19,56] 0
X_[19,57] 0
X_[19,58] 0
X_[19,59] 0
X_[19,60] 0
X_[19,62] 0
X_[19,63] 0
X_[19,64] 0
X_[19,65] 0
X_[19,66] 0
X_[19,71] 0
X_[19,76] 0
X_[19,77] 0
X_[19,78] 0
X_[19,80] 0
X_[19,81] 0
X_[19,82] 0
X_[19,88] 0
X_[19,89] 0
X_[19,90] 0
X_[19,91] 0
X_[19,92] 0
X_[19,93] 0
X_[19,95] 0
X_[19,96] 0
X_[20,22] 0
X_[20,69] 0
X_[20,45] 0
X_[20,33] 0
X_[20,80] 0
X_[20,21] 0
X_[20,68] 0
X_[20,44] 0
X_[20,26] 0
X_[20,24] 0
X_[20,71] 0
X_[20,47] 0
X_[20,2] 0
X_[20,49] 0
X_[20,35] 0
X_[20,82] 0
X_[20,27] 0
X_[20,74] 0
X_[20,50] 0
X_[20,29] 0
X_[20,30] 0
X_[20,77] 0
X_[20,31] 0
X_[20,78] 0
X_[20,36] 0
X_[20,83] 0
X_[20,37] 0
X_[20,84] 0
X_[20,38] 0
X_[20,85] 0
X_[20,39] 0
X_[20,86] 0
X_[20,41] 0
X_[20,46] 0
X_[20,51] 0
X_[20,53] 0
X_[20,54] 0
X_[20,55] 0
X_[20,60] 0
X_[20,61] 0
X_[20,63] 0
X_[20,64] 0
X_[20,67] 0
X_[20,72] 0
X_[20,79] 0
X_[20,81] 0
X_[20,90] 0
X_[20,91] 0
X_[20,92] 0
X_[20,93] 0
X_[20,94] 0
X_[20,97] 0
X_[20,98] 0
X_[21,22] 0
X_[21,69] 0
X_[21,45] 0
X_[21,92] 0
X_[21,33] 0
X_[21,56] 0
X_[21,27] 0
X_[21,74] 0
X_[21,50] 0
X_[21,25] 0
X_[21,28] 0
X_[21,75] 0
X_[21,51] 0
X_[21,39] 0
X_[21,29] 0
X_[21,30] 0
X_[21,77] 0
X_[21,31] 0
X_[21,54] 0
X_[21,32] 0
X_[21,55] 0
X_[21,34] 0
X_[21,57] 0
X_[21,40] 0
X_[21,87] 0
X_[21,41] 0
X_[21,88] 0
X_[21,42] 0
X_[21,43] 0
X_[21,46] 0
X_[21,58] 0
X_[21,60] 0
X_[21,61] 0
X_[21,62] 0
X_[21,63] 0
X_[21,64] 0
X_[21,65] 0
X_[21,66] 0
X_[21,67] 0
X_[21,68] 0
X_[21,71] 0
X_[21,82] 0
X_[21,83] 0
X_[21,84] 0
X_[21,85] 0
X_[21,91] 0
X_[21,94] 1
X_[21,95] 0
X_[21,96] 0
X_[21,97] 0
X_[21,98] 0
X_[21,99] 0
X_[22,23] 0
X_[22,70] 0
X_[22,46] 0
X_[22,25] 0
X_[22,72] 0
X_[22,36] 0
X_[22,30] 0
X_[22,53] 0
X_[22,26] 0
X_[22,73] 0
X_[22,49] 0
X_[22,37] 0
X_[22,29] 0
X_[22,76] 0
X_[22,52] 0
X_[22,40] 0
X_[22,32] 0
X_[22,79] 0
X_[22,33] 0
X_[22,80] 0
X_[22,39] 0
X_[22,41] 0
X_[22,42] 0
X_[22,44] 0
X_[22,45] 0
X_[22,47] 0
X_[22,50] 0
X_[22,51] 0
X_[22,54] 0
X_[22,55] 0
X_[22,56] 0
X_[22,57] 0
X_[22,59] 0
X_[22,60] 0
X_[22,61] 0
X_[22,62] 0
X_[22,63] 0
X_[22,64] 0
X_[22,65] 0
X_[22,66] 0
X_[22,67] 0
X_[22,69] 0
X_[22,71] 0
X_[22,74] 0
X_[22,75] 0
X_[22,78] 0
X_[22,81] 0
X_[22,83] 0
X_[22,85] 0
X_[22,86] 0
X_[22,87] 0
X_[22,88] 0
X_[22,89] 0
X_[22,92] 0
X_[22,93] 0
X_[22,97] 0
X_[22,98] 0
X_[22,99] 0
X_[23,31] 0
X_[23,78] 0
X_[23,24] 0
X_[23,2] 0
X_[23,49] 0
X_[23,48] 0
X_[23,11] 0
X_[23,58] 0
X_[23,34] 0
X_[23,26] 0
X_[23,73] 0
X_[23,27] 0
X_[23,28] 0
X_[23,75] 0
X_[23,29] 0
X_[23,76] 0
X_[23,30] 0
X_[23,32] 0
X_[23,79] 0
X_[23,9] 0
X_[23,56] 0
X_[23,33] 0
X_[23,80] 0
X_[23,35] 0
X_[23,82] 0
X_[23,37] 0
X_[23,38] 0
X_[23,39] 0
X_[23,40] 0
X_[23,41] 0
X_[23,42] 0
X_[23,43] 0
X_[23,45] 0
X_[23,50] 0
X_[23,51] 0
X_[23,54] 0
X_[23,59] 0
X_[23,60] 0
X_[23,61] 0
X_[23,62] 0
X_[23,63] 0
X_[23,65] 0
X_[23,66] 0
X_[23,69] 0
X_[23,70] 0
X_[23,72] 0
X_[23,83] 0
X_[23,84] 0
X_[23,85] 0
X_[23,86] 0
X_[23,87] 0
X_[23,89] 0
X_[23,90] 0
X_[23,92] 0
X_[23,93] 0
X_[23,94] 0
X_[23,95] 0
X_[24,1] 0
X_[24,98] 0
X_[24,47] 0
X_[24,28] 0
X_[24,14] 0
X_[24,61] 0
X_[24,37] 0
X_[24,25] 0
X_[24,15] 0
X_[24,62] 0
X_[24,26] 0
X_[24,73] 0
X_[24,49] 0
X_[24,20] 0
X_[24,43] 0
X_[24,90] 0
X_[24,27] 0
X_[24,74] 0
X_[24,29] 0
X_[24,6] 0
X_[24,53] 0
X_[24,30] 0
X_[24,77] 0
X_[24,31] 0
X_[24,78] 0
X_[24,33] 0
X_[24,34] 0
X_[24,81] 0
X_[24,36] 0
X_[24,83] 0
X_[24,39] 0
X_[24,40] 0
X_[24,41] 0
X_[24,88] 0
X_[24,46] 0
X_[24,51] 0
X_[24,52] 0
X_[24,54] 0
X_[24,56] 0
X_[24,57] 0
X_[24,59] 0
X_[24,63] 0
X_[24,66] 0
X_[24,70] 0
X_[24,71] 0
X_[24,79] 0
X_[24,82] 0
X_[24,85] 0
X_[24,92] 0
X_[24,93] 0
X_[24,96] 0
X_[24,97] 0
X_[25,26] 0
X_[25,73] 0
X_[25,49] 0
X_[25,37] 0
X_[25,84] 0
X_[25,27] 0
X_[25,74] 0
X_[25,50] 0
X_[25,29] 0
X_[25,76] 0
X_[25,52] 0
X_[25,30] 0
X_[25,53] 0
X_[25,31] 0
X_[25,32] 0
X_[25,55] 0
X_[25,8] 0
X_[25,34] 0
X_[25,35] 0
X_[25,36] 0
X_[25,83] 0
X_[25,39] 0
X_[25,86] 0
X_[25,40] 0
X_[25,87] 0
X_[25,41] 0
X_[25,42] 0
X_[25,89] 0
X_[25,44] 0
X_[25,46] 0
X_[25,47] 0
X_[25,56] 0
X_[25,57] 0
X_[25,58] 0
X_[25,59] 0
X_[25,60] 0
X_[25,62] 0
X_[25,63] 0
X_[25,64] 0
X_[25,65] 0
X_[25,67] 0
X_[25,68] 0
X_[25,69] 0
X_[25,70] 0
X_[25,71] 0
X_[25,72] 0
X_[25,80] 0
X_[25,90] 0
X_[25,91] 0
X_[25,92] 0
X_[25,93] 0
X_[25,94] 0
X_[25,96] 0
X_[25,98] 0
X_[26,11] 0
X_[26,57] 0
X_[26,33] 0
X_[26,80] 0
X_[26,56] 0
X_[26,35] 0
X_[26,28] 0
X_[26,75] 0
X_[26,39] 0
X_[26,86] 0
X_[26,62] 0
X_[26,27] 0
X_[26,74] 0
X_[26,4] 0
X_[26,51] 0
X_[26,38] 0
X_[26,32] 0
X_[26,79] 0
X_[26,55] 0
X_[26,36] 0
X_[26,13] 0
X_[26,59] 0
X_[26,41] 0
X_[26,88] 0
X_[26,43] 0
X_[26,44] 0
X_[26,91] 0
X_[26,45] 0
X_[26,92] 0
X_[26,54] 0
X_[26,63] 0
X_[26,64] 0
X_[26,65] 0
X_[26,66] 0
X_[26,67] 0
X_[26,68] 0
X_[26,69] 0
X_[26,71] 0
X_[26,76] 0
X_[26,77] 0
X_[26,78] 0
X_[26,81] 0
X_[26,84] 0
X_[26,87] 0
X_[26,89] 0
X_[26,93] 0
X_[26,94] 0
X_[26,95] 0
X_[26,96] 0
X_[26,97] 0
X_[26,98] 0
X_[26,99] 1
X_[27,26] 0
X_[27,49] 0
X_[27,96] 0
X_[27,31] 0
X_[27,78] 0
X_[27,42] 0
X_[27,89] 0
X_[27,36] 0
X_[27,33] 0
X_[27,80] 0
X_[27,44] 0
X_[27,91] 0
X_[27,38] 0
X_[27,15] 0
X_[27,61] 0
X_[27,39] 0
X_[27,40] 0
X_[27,87] 0
X_[27,63] 0
X_[27,41] 0
X_[27,88] 0
X_[27,45] 0
X_[27,46] 0
X_[27,93] 0
X_[27,48] 0
X_[27,95] 0
X_[27,51] 0
X_[27,98] 0
X_[27,52] 0
X_[27,53] 0
X_[27,55] 0
X_[27,57] 0
X_[27,60] 0
X_[27,65] 0
X_[27,66] 0
X_[27,67] 0
X_[27,68] 0
X_[27,71] 0
X_[27,74] 0
X_[27,75] 0
X_[27,77] 0
X_[27,79] 0
X_[27,81] 0
X_[27,82] 0
X_[27,84] 0
X_[27,90] 0
X_[27,94] 0
X_[27,99] 1
X_[28,29] 0
X_[28,76] 0
X_[28,52] 0
X_[28,99] 0
X_[28,34] 0
X_[28,81] 0
X_[28,31] 0
X_[28,54] 0
X_[28,42] 0
X_[28,89] 0
X_[28,65] 0
X_[28,32] 0
X_[28,79] 0
X_[28,33] 0
X_[28,56] 0
X_[28,44] 1
X_[28,91] 0
X_[28,36] 0
X_[28,39] 0
X_[28,41] 0
X_[28,64] 0
X_[28,46] 0
X_[28,48] 0
X_[28,95] 0
X_[28,49] 0
X_[28,58] 0
X_[28,60] 0
X_[28,61] 0
X_[28,63] 0
X_[28,66] 0
X_[28,68] 0
X_[28,69] 0
X_[28,70] 0
X_[28,71] 0
X_[28,72] 0
X_[28,73] 0
X_[28,77] 0
X_[28,84] 0
X_[28,85] 0
X_[28,87] 0
X_[28,90] 0
X_[28,92] 0
X_[28,94] 0
X_[28,97] 0
X_[28,98] 0
X_[29,15] 0
X_[29,61] 0
X_[29,37] 0
X_[29,60] 0
X_[29,31] 0
X_[29,32] 0
X_[29,79] 0
X_[29,55] 0
X_[29,43] 0
X_[29,90] 0
X_[29,33] 0
X_[29,56] 0
X_[29,44] 0
X_[29,91] 0
X_[29,39] 0
X_[29,86] 0
X_[29,41] 0
X_[29,88] 0
X_[29,64] 0
X_[29,45] 0
X_[29,92] 0
X_[29,46] 0
X_[29,47] 0
X_[29,94] 0
X_[29,48] 0
X_[29,95] 0
X_[29,49] 0
X_[29,96] 0
X_[29,52] 0
X_[29,57] 0
X_[29,10] 0
X_[29,58] 0
X_[29,65] 0
X_[29,66] 0
X_[29,67] 0
X_[29,68] 0
X_[29,70] 0
X_[29,71] 0
X_[29,72] 0
X_[29,73] 0
X_[29,74] 0
X_[29,81] 0
X_[29,82] 0
X_[29,85] 0
X_[30,37] 0
X_[30,84] 0
X_[30,14] 0
X_[30,60] 0
X_[30,40] 0
X_[30,31] 0
X_[30,78] 0
X_[30,54] 0
X_[30,42] 0
X_[30,32] 0
X_[30,79] 0
X_[30,55] 0
X_[30,33] 0
X_[30,80] 0
X_[30,56] 0
X_[30,44] 0
X_[30,41] 0
X_[30,88] 0
X_[30,18] 0
X_[30,65] 0
X_[30,45] 0
X_[30,92] 0
X_[30,48] 0
X_[30,95] 0
X_[30,49] 0
X_[30,96] 0
X_[30,50] 0
X_[30,97] 0
X_[30,51] 0
X_[30,98] 0
X_[30,58] 0
X_[30,59] 0
X_[30,62] 0
X_[30,15] 0
X_[30,63] 0
X_[30,68] 0
X_[30,70] 0
X_[30,71] 0
X_[30,76] 0
X_[30,77] 0
X_[30,81] 0
X_[30,83] 0
X_[30,85] 0
X_[30,86] 0
X_[30,90] 0
X_[31,46] 0
X_[31,33] 0
X_[31,15] 0
X_[31,4] 0
X_[31,37] 0
X_[31,84] 0
X_[31,6] 0
X_[31,12] 0
X_[31,59] 1
X_[31,34] 0
X_[31,81] 0
X_[31,18] 0
X_[31,41] 0
X_[31,32] 0
X_[31,79] 0
X_[31,55] 0
X_[31,36] 0
X_[31,83] 0
X_[31,39] 0
X_[31,40] 0
X_[31,87] 0
X_[31,43] 0
X_[31,44] 0
X_[31,45] 0
X_[31,47] 0
X_[31,0] 0
X_[31,97] 0
X_[31,48] 0
X_[31,49] 0
X_[31,54] 0
X_[31,56] 0
X_[31,57] 0
X_[31,58] 0
X_[31,61] 0
X_[31,63] 0
X_[31,64] 0
X_[31,67] 0
X_[31,68] 0
X_[31,69] 0
X_[31,71] 0
X_[31,72] 0
X_[31,74] 0
X_[31,76] 0
X_[31,77] 0
X_[31,78] 0
X_[31,82] 0
X_[31,85] 0
X_[31,89] 0
X_[31,92] 0
X_[31,93] 0
X_[31,94] 0
X_[31,95] 0
X_[31,96] 0
X_[31,99] 0
X_[32,37] 0
X_[32,84] 0
X_[32,40] 0
X_[32,33] 0
X_[32,80] 0
X_[32,56] 0
X_[32,35] 0
X_[32,58] 1
X_[32,13] 0
X_[32,60] 0
X_[32,36] 0
X_[32,59] 0
X_[32,39] 0
X_[32,86] 0
X_[32,41] 0
X_[32,88] 0
X_[32,18] 0
X_[32,45] 0
X_[32,92] 0
X_[32,47] 0
X_[32,48] 0
X_[32,49] 0
X_[32,96] 0
X_[32,51] 0
X_[32,4] 0
X_[32,52] 0
X_[32,54] 0
X_[32,55] 0
X_[32,57] 0
X_[32,61] 0
X_[32,62] 0
X_[32,63] 0
X_[32,64] 0
X_[32,67] 0
X_[32,68] 0
X_[32,70] 0
X_[32,71] 0
X_[32,73] 0
X_[32,74] 0
X_[32,75] 0
X_[32,76] 0
X_[32,77] 0
X_[32,79] 0
X_[32,85] 0
X_[32,89] 0
X_[32,91] 0
X_[32,97] 0
X_[32,98] 0
X_[33,41] 0
X_[33,88] 0
X_[33,64] 0
X_[33,34] 0
X_[33,81] 0
X_[33,57] 0
X_[33,45] 0
X_[33,92] 0
X_[33,39] 0
X_[33,86] 0
X_[33,62] 0
X_[33,37] 0
X_[33,60] 0
X_[33,40] 0
X_[33,87] 0
X_[33,63] 0
X_[33,42] 0
X_[33,89] 0
X_[33,43] 0
X_[33,90] 0
X_[33,44] 0
X_[33,91] 0
X_[33,46] 0
X_[33,93] 0
X_[33,47] 0
X_[33,48] 0
X_[33,95] 0
X_[33,51] 0
X_[33,52] 0
X_[33,53] 0
X_[33,55] 0
X_[33,8] 1
X_[33,58] 0
X_[33,65] 0
X_[33,66] 0
X_[33,67] 0
X_[33,69] 0
X_[33,70] 0
X_[33,71] 0
X_[33,72] 0
X_[33,73] 0
X_[33,78] 0
X_[33,79] 0
X_[33,80] 0
X_[33,83] 0
X_[33,85] 0
X_[33,96] 0
X_[33,97] 0
X_[33,98] 0
X_[34,38] 0
X_[34,85] 0
X_[34,61] 0
X_[34,49] 0
X_[34,96] 0
X_[34,35] 0
X_[34,82] 0
X_[34,58] 0
X_[34,46] 0
X_[34,23] 0
X_[34,36] 0
X_[34,83] 0
X_[34,59] 0
X_[34,39] 0
X_[34,86] 0
X_[34,62] 0
X_[34,41] 0
X_[34,88] 0
X_[34,64] 0
X_[34,43] 0
X_[34,90] 0
X_[34,44] 0
X_[34,91] 0
X_[34,48] 0
X_[34,95] 0
X_[34,51] 0
X_[34,54] 0
X_[34,56] 0
X_[34,57] 0
X_[34,60] 0
X_[34,63] 0
X_[34,65] 0
X_[34,66] 0
X_[34,68] 0
X_[34,69] 0
X_[34,71] 0
X_[34,72] 0
X_[34,73] 0
X_[34,74] 0
X_[34,75] 0
X_[34,76] 0
X_[34,77] 0
X_[34,78] 0
X_[34,79] 0
X_[34,80] 0
X_[34,81] 0
X_[34,84] 0
X_[34,97] 0
X_[34,98] 0
X_[34,99] 0
X_[35,36] 0
X_[35,83] 0
X_[35,59] 0
X_[35,47] 0
X_[35,94] 0
X_[35,70] 0
X_[35,41] 0
X_[35,37] 0
X_[35,43] 0
X_[35,66] 0
X_[35,54] 0
X_[35,8] 0
X_[35,45] 0
X_[35,92] 0
X_[35,68] 0
X_[35,49] 0
X_[35,96] 0
X_[35,72] 0
X_[35,50] 0
X_[35,97] 0
X_[35,4] 0
X_[35,98] 0
X_[35,57] 0
X_[35,63] 0
X_[35,65] 0
X_[35,69] 0
X_[35,71] 0
X_[35,74] 0
X_[35,75] 0
X_[35,76] 0
X_[35,78] 0
X_[35,79] 0
X_[35,80] 0
X_[35,81] 0
X_[35,82] 0
X_[35,89] 0
X_[35,91] 0
X_[35,95] 0
X_[35,99] 1
X_[36,42] 0
X_[36,65] 0
X_[36,31] 0
X_[36,78] 0
X_[36,54] 0
X_[36,41] 0
X_[36,88] 0
X_[36,28] 0
X_[36,51] 0
X_[36,98] 0
X_[36,6] 0
X_[36,52] 0
X_[36,39] 0
X_[36,62] 0
X_[36,37] 0
X_[36,84] 0
X_[36,60] 0
X_[36,38] 0
X_[36,61] 0
X_[36,40] 0
X_[36,63] 0
X_[36,43] 0
X_[36,47] 0
X_[36,94] 0
X_[36,55] 0
X_[36,8] 0
X_[36,57] 0
X_[36,67] 0
X_[36,68] 0
X_[36,69] 0
X_[36,71] 0
X_[36,73] 0
X_[36,74] 0
X_[36,76] 0
X_[36,77] 0
X_[36,80] 0
X_[36,81] 1
X_[36,83] 0
X_[36,91] 0
X_[36,93] 0
X_[36,95] 0
X_[36,96] 0
X_[36,97] 0
X_[37,45] 0
X_[37,92] 0
X_[37,68] 0
X_[37,38] 0
X_[37,61] 0
X_[37,31] 0
X_[37,78] 0
X_[37,39] 0
X_[37,86] 0
X_[37,40] 0
X_[37,63] 0
X_[37,41] 0
X_[37,88] 0
X_[37,52] 0
X_[37,99] 1
X_[37,43] 0
X_[37,90] 0
X_[37,66] 0
X_[37,46] 0
X_[37,93] 0
X_[37,69] 0
X_[37,55] 0
X_[37,56] 0
X_[37,57] 0
X_[37,58] 0
X_[37,65] 0
X_[37,67] 0
X_[37,70] 0
X_[37,23] 0
X_[37,71] 0
X_[37,72] 0
X_[37,73] 0
X_[37,75] 0
X_[37,76] 0
X_[37,77] 0
X_[37,80] 0
X_[37,83] 0
X_[37,89] 0
X_[37,91] 0
X_[37,94] 0
X_[37,96] 0
X_[37,97] 0
X_[37,98] 0
X_[38,40] 0
X_[38,87] 0
X_[38,11] 0
X_[38,57] 0
X_[38,27] 0
X_[38,74] 0
X_[38,50] 0
X_[38,39] 0
X_[38,86] 0
X_[38,62] 0
X_[38,41] 0
X_[38,42] 0
X_[38,89] 0
X_[38,43] 0
X_[38,45] 0
X_[38,92] 0
X_[38,46] 0
X_[38,0] 0
X_[38,97] 0
X_[38,47] 0
X_[38,94] 0
X_[38,48] 0
X_[38,95] 0
X_[38,51] 0
X_[38,52] 0
X_[38,53] 0
X_[38,54] 0
X_[38,55] 0
X_[38,59] 0
X_[38,60] 0
X_[38,61] 0
X_[38,63] 0
X_[38,64] 0
X_[38,65] 0
X_[38,66] 0
X_[38,68] 0
X_[38,69] 0
X_[38,70] 0
X_[38,71] 0
X_[38,72] 0
X_[38,78] 0
X_[38,79] 0
X_[38,80] 0
X_[38,82] 0
X_[38,83] 0
X_[38,84] 0
X_[38,91] 0
X_[38,96] 0
X_[38,98] 0
X_[38,99] 1
X_[39,59] 0
X_[39,46] 0
X_[39,33] 1
X_[39,80] 0
X_[39,56] 0
X_[39,44] 0
X_[39,32] 0
X_[39,43] 0
X_[39,90] 0
X_[39,37] 0
X_[39,84] 0
X_[39,60] 0
X_[39,13] 0
X_[39,48] 0
X_[39,41] 0
X_[39,88] 0
X_[39,64] 0
X_[39,42] 0
X_[39,65] 0
X_[39,45] 0
X_[39,49] 0
X_[39,96] 0
X_[39,51] 0
X_[39,98] 0
X_[39,52] 0
X_[39,99] 0
X_[39,53] 0
X_[39,54] 0
X_[39,58] 0
X_[39,61] 0
X_[39,66] 0
X_[39,67] 0
X_[39,68] 0
X_[39,69] 0
X_[39,70] 0
X_[39,73] 0
X_[39,74] 0
X_[39,75] 0
X_[39,76] 0
X_[39,78] 0
X_[39,81] 0
X_[39,82] 0
X_[39,85] 0
X_[39,86] 0
X_[39,87] 0
X_[40,46] 0
X_[40,44] 0
X_[40,91] 0
X_[40,41] 0
X_[40,64] 0
X_[40,52] 0
X_[40,43] 0
X_[40,45] 0
X_[40,92] 0
X_[40,47] 0
X_[40,94] 0
X_[40,24] 0
X_[40,71] 0
X_[40,49] 0
X_[40,96] 0
X_[40,50] 0
X_[40,97] 0
X_[40,51] 0
X_[40,98] 0
X_[40,53] 0
X_[40,54] 0
X_[40,56] 0
X_[40,57] 0
X_[40,58] 0
X_[40,59] 0
X_[40,60] 0
X_[40,61] 0
X_[40,62] 0
X_[40,63] 0
X_[40,65] 0
X_[40,66] 0
X_[40,67] 0
X_[40,70] 0
X_[40,74] 0
X_[40,77] 0
X_[40,78] 0
X_[40,79] 0
X_[40,81] 0
X_[40,83] 0
X_[40,85] 0
X_[40,86] 0
X_[40,87] 0
X_[40,95] 0
X_[41,52] 0
X_[41,99] 0
X_[41,43] 0
X_[41,90] 0
X_[41,66] 0
X_[41,54] 0
X_[41,12] 0
X_[41,58] 0
X_[41,45] 0
X_[41,68] 0
X_[41,42] 0
X_[41,89] 0
X_[41,65] 0
X_[41,53] 0
X_[41,24] 0
X_[41,71] 0
X_[41,47] 0
X_[41,94] 0
X_[41,49] 0
X_[41,96] 0
X_[41,55] 0
X_[41,8] 0
X_[41,56] 0
X_[41,60] 0
X_[41,61] 0
X_[41,63] 0
X_[41,64] 0
X_[41,67] 0
X_[41,69] 0
X_[41,73] 0
X_[41,74] 0
X_[41,76] 0
X_[41,77] 0
X_[41,79] 0
X_[41,80] 0
X_[41,81] 0
X_[41,82] 0
X_[41,86] 0
X_[41,87] 0
X_[41,98] 0
X_[42,43] 0
X_[42,90] 0
X_[42,48] 0
X_[42,95] 0
X_[42,71] 0
X_[42,59] 0
X_[42,47] 0
X_[42,94] 0
X_[42,70] 0
X_[42,58] 0
X_[42,49] 0
X_[42,96] 0
X_[42,60] 0
X_[42,50] 0
X_[42,52] 0
X_[42,99] 1
X_[42,75] 0
X_[42,55] 0
X_[42,78] 0
X_[42,56] 0
X_[42,61] 0
X_[42,62] 0
X_[42,63] 0
X_[42,65] 0
X_[42,67] 0
X_[42,69] 0
X_[42,74] 0
X_[42,77] 0
X_[42,80] 0
X_[42,84] 0
X_[42,85] 0
X_[42,89] 0
X_[42,92] 0
X_[43,40] 0
X_[43,87] 0
X_[43,45] 0
X_[43,92] 0
X_[43,14] 0
X_[43,47] 0
X_[43,70] 0
X_[43,21] 0
X_[43,68] 0
X_[43,67] 0
X_[43,56] 0
X_[43,48] 0
X_[43,95] 0
X_[43,71] 0
X_[43,49] 0
X_[43,50] 0
X_[43,97] 0
X_[43,52] 0
X_[43,99] 0
X_[43,53] 1
X_[43,55] 0
X_[43,57] 0
X_[43,10] 0
X_[43,58] 0
X_[43,59] 0
X_[43,64] 0
X_[43,65] 0
X_[43,66] 0
X_[43,72] 0
X_[43,74] 0
X_[43,75] 0
X_[43,77] 0
X_[43,78] 0
X_[43,82] 0
X_[43,84] 0
X_[43,88] 0
X_[43,89] 0
X_[43,90] 0
X_[43,98] 0
X_[44,13] 1
X_[44,57] 0
X_[44,48] 0
X_[44,71] 0
X_[44,49] 0
X_[44,72] 0
X_[44,47] 0
X_[44,94] 0
X_[44,58] 0
X_[44,50] 0
X_[44,73] 0
X_[44,53] 0
X_[44,54] 0
X_[44,56] 0
X_[44,61] 0
X_[44,62] 0
X_[44,63] 0
X_[44,64] 0
X_[44,66] 0
X_[44,19] 0
X_[44,67] 0
X_[44,68] 0
X_[44,69] 0
X_[44,74] 0
X_[44,75] 0
X_[44,78] 0
X_[44,79] 0
X_[44,80] 0
X_[44,81] 0
X_[44,83] 0
X_[44,84] 0
X_[44,86] 0
X_[44,87] 0
X_[44,88] 0
X_[44,89] 0
X_[44,92] 0
X_[44,93] 0
X_[44,98] 0
X_[45,47] 0
X_[45,94] 0
X_[45,67] 0
X_[45,41] 0
X_[45,88] 0
X_[45,64] 0
X_[45,52] 0
X_[45,99] 1
X_[45,46] 0
X_[45,93] 0
X_[45,69] 0
X_[45,48] 0
X_[45,95] 0
X_[45,49] 0
X_[45,2] 0
X_[45,96] 0
X_[45,50] 0
X_[45,51] 0
X_[45,98] 0
X_[45,53] 0
X_[45,54] 0
X_[45,56] 0
X_[45,57] 0
X_[45,59] 0
X_[45,60] 0
X_[45,61] 0
X_[45,65] 0
X_[45,66] 0
X_[45,68] 0
X_[45,21] 0
X_[45,70] 0
X_[45,72] 0
X_[45,73] 0
X_[45,75] 0
X_[45,77] 0
X_[45,78] 0
X_[45,79] 0
X_[45,80] 0
X_[45,82] 0
X_[45,83] 0
X_[45,84] 0
X_[45,85] 0
X_[45,86] 0
X_[45,87] 0
X_[45,90] 0
X_[45,91] 0
X_[45,92] 0
X_[46,60] 0
X_[46,48] 0
X_[46,95] 0
X_[46,71] 0
X_[46,53] 0
X_[46,64] 0
X_[46,51] 0
X_[46,62] 0
X_[46,54] 0
X_[46,57] 0
X_[46,58] 0
X_[46,61] 0
X_[46,38] 0
X_[46,85] 0
X_[46,84] 0
X_[46,65] 0
X_[46,66] 0
X_[46,89] 0
X_[46,67] 0
X_[46,69] 0
X_[46,70] 0
X_[46,75] 1
X_[46,78] 0
X_[46,79] 0
X_[46,90] 0
X_[46,91] 0
X_[46,92] 0
X_[46,93] 0
X_[46,94] 0
X_[46,96] 0
X_[46,97] 0
X_[46,99] 0
X_[47,18] 0
X_[47,64] 0
X_[47,43] 0
X_[47,90] 0
X_[47,54] 0
X_[47,77] 0
X_[47,49] 0
X_[47,96] 0
X_[47,3] 0
X_[47,56] 0
X_[47,9] 0
X_[47,79] 0
X_[47,57] 0
X_[47,11] 0
X_[47,58] 0
X_[47,59] 0
X_[47,60] 0
X_[47,63] 0
X_[47,67] 0
X_[47,68] 0
X_[47,69] 0
X_[47,70] 0
X_[47,73] 0
X_[47,74] 0
X_[47,75] 0
X_[47,82] 0
X_[47,83] 0
X_[47,85] 0
X_[47,86] 0
X_[47,89] 0
X_[47,92] 0
X_[47,95] 0
X_[48,50] 0
X_[48,73] 0
X_[48,61] 0
X_[48,51] 0
X_[48,74] 0
X_[48,52] 0
X_[48,99] 0
X_[48,75] 0
X_[48,53] 0
X_[48,76] 0
X_[48,54] 0
X_[48,77] 0
X_[48,55] 0
X_[48,78] 0
X_[48,56] 0
X_[48,57] 0
X_[48,80] 0
X_[48,58] 0
X_[48,60] 0
X_[48,63] 0
X_[48,65] 0
X_[48,66] 0
X_[48,68] 0
X_[48,70] 0
X_[48,81] 0
X_[48,83] 0
X_[48,86] 0
X_[48,87] 0
X_[48,89] 0
X_[48,92] 0
X_[48,94] 0
X_[48,95] 0
X_[48,96] 0
X_[49,59] 0
X_[49,34] 0
X_[49,81] 0
X_[49,80] 0
X_[49,77] 0
X_[49,50] 0
X_[49,4] 0
X_[49,51] 0
X_[49,73] 0
X_[49,53] 0
X_[49,7] 0
X_[49,54] 1
X_[49,76] 0
X_[49,55] 0
X_[49,78] 0
X_[49,58] 0
X_[49,61] 0
X_[49,62] 0
X_[49,64] 0
X_[49,66] 0
X_[49,70] 0
X_[49,75] 0
X_[49,79] 0
X_[49,32] 0
X_[49,83] 0
X_[49,84] 0
X_[49,86] 0
X_[49,87] 0
X_[49,88] 0
X_[49,89] 0
X_[49,90] 0
X_[49,93] 0
X_[49,95] 0
X_[50,63] 0
X_[50,67] 0
X_[50,54] 0
X_[50,51] 0
X_[50,98] 0
X_[50,74] 0
X_[50,42] 0
X_[50,53] 0
X_[50,76] 0
X_[50,64] 0
X_[50,56] 0
X_[50,10] 0
X_[50,60] 0
X_[50,66] 0
X_[50,19] 0
X_[50,68] 0
X_[50,21] 0
X_[50,69] 0
X_[50,71] 0
X_[50,73] 0
X_[50,75] 0
X_[50,78] 0
X_[50,80] 0
X_[50,81] 0
X_[50,85] 0
X_[50,87] 0
X_[50,88] 0
X_[50,90] 0
X_[50,93] 0
X_[50,94] 0
X_[50,96] 0
X_[50,97] 0
X_[50,99] 1
X_[51,2] 0
X_[51,71] 0
X_[51,52] 0
X_[51,99] 1
X_[51,75] 0
X_[51,34] 0
X_[51,81] 0
X_[51,57] 0
X_[51,80] 0
X_[51,12] 0
X_[51,56] 0
X_[51,79] 0
X_[51,60] 0
X_[51,53] 0
X_[51,76] 0
X_[51,55] 0
X_[51,78] 0
X_[51,61] 0
X_[51,38] 0
X_[51,85] 0
X_[51,64] 0
X_[51,67] 0
X_[51,69] 0
X_[51,72] 0
X_[51,74] 0
X_[51,77] 0
X_[51,82] 0
X_[51,83] 0
X_[51,84] 0
X_[51,89] 0
X_[51,91] 0
X_[51,92] 0
X_[51,94] 0
X_[51,95] 0
X_[51,97] 0
X_[51,98] 0
X_[52,41] 0
X_[52,28] 0
X_[52,74] 0
X_[52,6] 0
X_[52,40] 0
X_[52,63] 0
X_[52,54] 0
X_[52,55] 0
X_[52,56] 0
X_[52,57] 0
X_[52,58] 0
X_[52,59] 0
X_[52,60] 0
X_[52,65] 0
X_[52,66] 0
X_[52,67] 0
X_[52,68] 0
X_[52,69] 0
X_[52,70] 0
X_[52,71] 0
X_[52,72] 0
X_[52,73] 0
X_[52,76] 0
X_[52,77] 0
X_[52,78] 0
X_[52,79] 0
X_[52,80] 0
X_[52,81] 0
X_[52,82] 0
X_[52,84] 0
X_[52,85] 0
X_[52,86] 0
X_[52,89] 0
X_[52,90] 0
X_[52,92] 0
X_[52,93] 0
X_[52,96] 0
X_[52,97] 0
X_[52,98] 0
X_[52,99] 0
X_[53,2] 0
X_[53,96] 0
X_[53,71] 0
X_[53,5] 0
X_[53,99] 1
X_[53,60] 0
X_[53,83] 0
X_[53,55] 0
X_[53,78] 0
X_[53,87] 0
X_[53,63] 0
X_[53,86] 0
X_[53,54] 0
X_[53,65] 0
X_[53,88] 0
X_[53,41] 0
X_[53,58] 0
X_[53,62] 0
X_[53,67] 0
X_[53,70] 0
X_[53,72] 0
X_[53,73] 0
X_[53,75] 0
X_[53,79] 0
X_[53,84] 0
X_[53,89] 0
X_[53,91] 0
X_[53,92] 0
X_[53,95] 0
X_[53,97] 0
X_[53,98] 0
X_[54,6] 0
X_[54,56] 0
X_[54,67] 0
X_[54,44] 0
X_[54,91] 0
X_[54,66] 0
X_[54,57] 0
X_[54,80] 0
X_[54,68] 0
X_[54,63] 0
X_[54,86] 0
X_[54,64] 0
X_[54,69] 0
X_[54,70] 1
X_[54,71] 0
X_[54,72] 0
X_[54,73] 0
X_[54,76] 0
X_[54,77] 0
X_[54,81] 0
X_[54,83] 0
X_[54,84] 0
X_[54,85] 0
X_[54,88] 0
X_[54,89] 0
X_[54,90] 0
X_[54,93] 0
X_[54,94] 0
X_[54,96] 0
X_[54,97] 0
X_[54,98] 0
X_[54,99] 0
X_[55,2] 0
X_[55,96] 0
X_[55,71] 0
X_[55,57] 0
X_[55,80] 0
X_[55,73] 0
X_[55,60] 0
X_[55,83] 0
X_[55,77] 0
X_[55,64] 0
X_[55,56] 0
X_[55,67] 0
X_[55,21] 0
X_[55,68] 0
X_[55,61] 0
X_[55,69] 0
X_[55,70] 0
X_[55,74] 0
X_[55,27] 0
X_[55,75] 0
X_[55,76] 0
X_[55,78] 0
X_[55,31] 0
X_[55,81] 0
X_[55,84] 0
X_[55,85] 0
X_[55,88] 0
X_[55,89] 0
X_[55,90] 0
X_[55,92] 0
X_[55,95] 0
X_[55,98] 0
X_[56,7] 0
X_[56,76] 0
X_[56,62] 0
X_[56,9] 0
X_[56,78] 0
X_[56,2] 0
X_[56,96] 0
X_[56,71] 0
X_[56,24] 0
X_[56,58] 0
X_[56,34] 0
X_[56,81] 0
X_[56,57] 0
X_[56,60] 0
X_[56,61] 0
X_[56,63] 0
X_[56,64] 0
X_[56,66] 0
X_[56,67] 0
X_[56,68] 0
X_[56,72] 0
X_[56,25] 0
X_[56,73] 0
X_[56,74] 0
X_[56,79] 0
X_[56,80] 0
X_[56,84] 0
X_[56,85] 0
X_[56,88] 0
X_[56,89] 0
X_[56,90] 0
X_[56,91] 0
X_[56,93] 0
X_[56,94] 0
X_[56,97] 0
X_[56,98] 0
X_[57,4] 0
X_[57,59] 0
X_[57,82] 0
X_[57,70] 0
X_[57,62] 0
X_[57,85] 0
X_[57,63] 0
X_[57,64] 0
X_[57,87] 0
X_[57,40] 0
X_[57,66] 0
X_[57,67] 0
X_[57,68] 0
X_[57,69] 0
X_[57,71] 0
X_[57,72] 0
X_[57,75] 0
X_[57,76] 0
X_[57,78] 0
X_[57,80] 0
X_[57,81] 0
X_[57,83] 0
X_[57,84] 0
X_[57,88] 0
X_[57,89] 0
X_[57,92] 0
X_[57,93] 0
X_[57,96] 0
X_[57,97] 0
X_[58,59] 0
X_[58,82] 0
X_[58,70] 0
X_[58,93] 0
X_[58,63] 0
X_[58,86] 0
X_[58,74] 0
X_[58,65] 0
X_[58,66] 0
X_[58,89] 0
X_[58,68] 0
X_[58,91] 0
X_[58,69] 0
X_[58,73] 0
X_[58,75] 0
X_[58,76] 0
X_[58,79] 0
X_[58,32] 0
X_[58,81] 0
X_[58,83] 0
X_[58,84] 0
X_[58,85] 0
X_[58,90] 0
X_[58,95] 0
X_[58,96] 0
X_[58,97] 0
X_[58,98] 0
X_[58,99] 1
X_[59,8] 0
X_[59,77] 0
X_[59,66] 0
X_[59,89] 0
X_[59,16] 0
X_[59,63] 0
X_[59,85] 0
X_[59,57] 0
X_[59,11] 0
X_[59,80] 0
X_[59,64] 0
X_[59,65] 0
X_[59,69] 0
X_[59,70] 0
X_[59,73] 0
X_[59,74] 0
X_[59,75] 0
X_[59,78] 0
X_[59,79] 0
X_[59,81] 0
X_[59,82] 0
X_[59,84] 0
X_[59,90] 0
X_[59,92] 0
X_[59,94] 0
X_[59,99] 1
X_[60,3] 0
X_[60,97] 0
X_[60,72] 0
X_[60,48] 0
X_[60,71] 0
X_[60,70] 0
X_[60,4] 0
X_[60,73] 0
X_[60,52] 0
X_[60,63] 0
X_[60,61] 0
X_[60,84] 0
X_[60,62] 0
X_[60,85] 0
X_[60,64] 0
X_[60,68] 0
X_[60,74] 0
X_[60,27] 0
X_[60,76] 0
X_[60,77] 0
X_[60,78] 0
X_[60,79] 0
X_[60,80] 0
X_[60,81] 0
X_[60,87] 0
X_[60,89] 0
X_[60,91] 0
X_[60,92] 0
X_[60,93] 0
X_[60,96] 0
X_[61,6] 0
X_[61,71] 0
X_[61,92] 0
X_[61,67] 0
X_[61,90] 0
X_[61,62] 0
X_[61,85] 0
X_[61,51] 0
X_[61,98] 0
X_[61,74] 0
X_[61,63] 0
X_[61,16] 0
X_[61,66] 0
X_[61,89] 0
X_[61,68] 0
X_[61,70] 0
X_[61,23] 0
X_[61,93] 0
X_[61,72] 0
X_[61,77] 0
X_[61,78] 0
X_[61,82] 0
X_[61,83] 0
X_[61,84] 0
X_[61,94] 0
X_[61,96] 0
X_[62,14] 0
X_[62,83] 0
X_[62,68] 0
X_[62,91] 0
X_[62,42] 0
X_[62,88] 0
X_[62,75] 0
X_[62,63] 0
X_[62,86] 0
X_[62,66] 0
X_[62,77] 0
X_[62,67] 0
X_[62,90] 0
X_[62,70] 0
X_[62,93] 0
X_[62,71] 0
X_[62,24] 0
X_[62,94] 0
X_[62,78] 0
X_[62,80] 0
X_[62,81] 0
X_[62,85] 0
X_[62,92] 0
X_[62,95] 0
X_[62,96] 0
X_[62,97] 0
X_[62,98] 0
X_[62,99] 1
X_[63,64] 0
X_[63,87] 0
X_[63,66] 0
X_[63,68] 1
X_[63,91] 0
X_[63,2] 0
X_[63,94] 0
X_[63,69] 0
X_[63,92] 0
X_[63,70] 0
X_[63,24] 0
X_[63,93] 0
X_[63,72] 0
X_[63,73] 0
X_[63,74] 0
X_[63,76] 0
X_[63,78] 0
X_[63,79] 0
X_[63,81] 0
X_[63,82] 0
X_[63,83] 0
X_[63,84] 0
X_[63,85] 0
X_[63,95] 0
X_[63,97] 0
X_[63,99] 0
X_[64,45] 0
X_[64,92] 0
X_[64,67] 0
X_[64,90] 0
X_[64,9] 0
X_[64,78] 0
X_[64,31] 0
X_[64,13] 0
X_[64,82] 0
X_[64,50] 0
X_[64,97] 0
X_[64,73] 0
X_[64,65] 0
X_[64,88] 0
X_[64,66] 0
X_[64,19] 0
X_[64,70] 0
X_[64,1] 0
X_[64,74] 0
X_[64,79] 0
X_[64,81] 0
X_[64,83] 0
X_[64,84] 0
X_[64,86] 0
X_[64,87] 0
X_[64,91] 0
X_[64,93] 0
X_[64,94] 0
X_[64,96] 0
X_[64,98] 0
X_[64,99] 1
X_[65,3] 0
X_[65,97] 0
X_[65,72] 0
X_[65,4] 0
X_[65,7] 0
X_[65,76] 0
X_[65,18] 0
X_[65,87] 0
X_[65,22] 0
X_[65,68] 0
X_[65,28] 0
X_[65,74] 0
X_[65,35] 0
X_[65,43] 0
X_[65,90] 0
X_[65,66] 0
X_[65,52] 0
X_[65,99] 1
X_[65,67] 0
X_[65,70] 0
X_[65,71] 0
X_[65,78] 0
X_[65,80] 0
X_[65,83] 0
X_[65,84] 0
X_[65,85] 0
X_[65,89] 0
X_[65,91] 0
X_[65,92] 0
X_[65,93] 0
X_[65,94] 0
X_[65,95] 0
X_[66,62] 0
X_[66,85] 0
X_[66,35] 0
X_[66,81] 0
X_[66,13] 0
X_[66,57] 0
X_[66,68] 0
X_[66,22] 0
X_[66,41] 0
X_[66,88] 0
X_[66,18] 0
X_[66,50] 0
X_[66,97] 0
X_[66,73] 0
X_[66,67] 0
X_[66,71] 0
X_[66,72] 0
X_[66,74] 0
X_[66,75] 0
X_[66,76] 0
X_[66,77] 0
X_[66,78] 0
X_[66,83] 0
X_[66,84] 0
X_[66,86] 0
X_[66,87] 0
X_[66,89] 0
X_[66,90] 0
X_[66,91] 0
X_[66,92] 0
X_[66,94] 0
X_[66,95] 0
X_[66,98] 0
X_[67,75] 0
X_[67,39] 0
X_[67,85] 0
X_[67,54] 0
X_[67,76] 0
X_[67,57] 0
X_[67,80] 0
X_[67,68] 0
X_[67,91] 0
X_[67,69] 0
X_[67,92] 0
X_[67,71] 0
X_[67,73] 0
X_[67,96] 0
X_[67,78] 0
X_[67,9] 0
X_[67,79] 0
X_[67,81] 0
X_[67,82] 0
X_[67,87] 0
X_[67,88] 0
X_[67,90] 0
X_[67,97] 0
X_[67,98] 0
X_[68,84] 0
X_[68,82] 0
X_[68,72] 0
X_[68,95] 0
X_[68,83] 0
X_[68,74] 0
X_[68,28] 0
X_[68,75] 0
X_[68,76] 0
X_[68,78] 0
X_[68,79] 0
X_[68,81] 0
X_[68,85] 0
X_[68,38] 0
X_[68,86] 0
X_[68,87] 0
X_[68,88] 0
X_[68,89] 0
X_[68,90] 0
X_[68,91] 0
X_[68,93] 0
X_[68,94] 0
X_[68,96] 0
X_[68,98] 0
X_[68,99] 1
X_[69,37] 0
X_[69,88] 0
X_[69,75] 0
X_[69,36] 0
X_[69,59] 0
X_[69,55] 0
X_[69,78] 0
X_[69,71] 0
X_[69,2] 0
X_[69,96] 0
X_[69,72] 0
X_[69,73] 0
X_[69,74] 0
X_[69,76] 0
X_[69,77] 0
X_[69,80] 0
X_[69,81] 0
X_[69,85] 0
X_[69,86] 0
X_[69,87] 0
X_[69,89] 0
X_[69,42] 0
X_[69,90] 0
X_[69,91] 0
X_[69,92] 0
X_[69,93] 0
X_[69,94] 0
X_[69,95] 0
X_[69,98] 0
X_[69,99] 1
X_[70,72] 0
X_[70,77] 0
X_[70,74] 0
X_[70,97] 0
X_[70,75] 0
X_[70,86] 0
X_[70,78] 0
X_[70,79] 0
X_[70,80] 0
X_[70,81] 0
X_[70,82] 0
X_[70,84] 0
X_[70,93] 0
X_[70,99] 1
X_[71,0] 0
X_[71,14] 0
X_[71,19] 0
X_[71,88] 0
X_[71,73] 0
X_[71,51] 0
X_[71,4] 0
X_[71,98] 0
X_[71,74] 0
X_[71,27] 0
X_[71,62] 0
X_[71,57] 0
X_[71,80] 0
X_[71,67] 0
X_[71,90] 0
X_[71,72] 0
X_[71,25] 0
X_[71,76] 0
X_[71,77] 0
X_[71,79] 0
X_[71,82] 0
X_[71,84] 0
X_[71,86] 0
X_[71,87] 0
X_[71,92] 0
X_[71,93] 0
X_[71,96] 0
X_[71,97] 0
X_[72,14] 0
X_[72,75] 0
X_[72,98] 0
X_[72,86] 0
X_[72,66] 0
X_[72,20] 0
X_[72,89] 0
X_[72,77] 1
X_[72,31] 0
X_[72,76] 0
X_[72,99] 0
X_[72,79] 0
X_[72,82] 0
X_[72,85] 0
X_[72,87] 0
X_[72,90] 0
X_[72,91] 0
X_[72,94] 0
X_[72,95] 0
X_[72,97] 0
X_[73,83] 0
X_[73,7] 0
X_[73,84] 0
X_[73,47] 0
X_[73,93] 0
X_[73,33] 0
X_[73,63] 0
X_[73,86] 0
X_[73,74] 0
X_[73,97] 0
X_[73,67] 0
X_[73,75] 0
X_[73,6] 0
X_[73,98] 0
X_[73,81] 0
X_[73,87] 0
X_[73,95] 0
X_[73,96] 0
X_[74,13] 0
X_[74,24] 0
X_[74,93] 0
X_[74,51] 1
X_[74,98] 0
X_[74,97] 0
X_[74,10] 0
X_[74,76] 0
X_[74,29] 0
X_[74,77] 0
X_[74,78] 0
X_[74,32] 0
X_[74,80] 0
X_[74,81] 0
X_[74,83] 0
X_[74,85] 0
X_[74,86] 0
X_[74,87] 0
X_[74,88] 0
X_[74,89] 0
X_[74,91] 0
X_[74,92] 0
X_[74,94] 0
X_[74,96] 0
X_[74,99] 0
X_[75,5] 0
X_[75,82] 0
X_[75,22] 0
X_[75,91] 0
X_[75,0] 0
X_[75,78] 0
X_[75,79] 0
X_[75,80] 0
X_[75,81] 0
X_[75,84] 0
X_[75,85] 0
X_[75,86] 0
X_[75,87] 0
X_[75,89] 0
X_[75,93] 0
X_[75,95] 0
X_[75,98] 0
X_[75,99] 1
X_[76,87] 0
X_[76,77] 0
X_[76,69] 0
X_[76,92] 0
X_[76,80] 0
X_[76,74] 0
X_[76,97] 0
X_[76,52] 0
X_[76,78] 1
X_[76,79] 0
X_[76,10] 0
X_[76,83] 0
X_[76,84] 0
X_[76,89] 0
X_[76,90] 0
X_[76,91] 0
X_[76,93] 0
X_[76,95] 0
X_[76,96] 0
X_[77,6] 0
X_[77,98] 0
X_[77,83] 0
X_[77,37] 0
X_[77,84] 0
X_[77,82] 0
X_[77,78] 0
X_[77,89] 0
X_[77,85] 0
X_[77,62] 0
X_[77,87] 0
X_[77,88] 0
X_[77,91] 0
X_[77,94] 0
X_[77,95] 0
X_[77,97] 0
X_[77,99] 1
X_[78,0] 0
X_[78,92] 0
X_[78,66] 0
X_[78,89] 0
X_[78,30] 0
X_[78,74] 0
X_[78,65] 0
X_[78,88] 0
X_[78,4] 0
X_[78,81] 0
X_[78,39] 1
X_[78,85] 0
X_[78,80] 0
X_[78,82] 0
X_[78,87] 0
X_[78,90] 0
X_[78,93] 0
X_[78,95] 0
X_[79,3] 0
X_[79,33] 0
X_[79,19] 0
X_[79,88] 0
X_[79,29] 0
X_[79,51] 0
X_[79,34] 0
X_[79,80] 0
X_[79,81] 0
X_[79,58] 0
X_[79,82] 0
X_[79,83] 0
X_[79,84] 0
X_[79,85] 0
X_[79,86] 0
X_[79,91] 1
X_[79,92] 0
X_[79,96] 0
X_[80,65] 0
X_[80,22] 0
X_[80,91] 0
X_[80,51] 0
X_[80,97] 0
X_[80,84] 0
X_[80,69] 0
X_[80,0] 0
X_[80,92] 0
X_[80,81] 0
X_[80,82] 0
X_[80,83] 0
X_[80,86] 0
X_[80,89] 0
X_[80,90] 0
X_[80,94] 0
X_[80,96] 0
X_[81,95] 0
X_[81,68] 0
X_[81,90] 0
X_[81,19] 0
X_[81,39] 0
X_[81,83] 0
X_[81,20] 0
X_[81,86] 0
X_[81,82] 0
X_[81,87] 0
X_[81,18] 0
X_[81,96] 0
X_[81,98] 0
X_[81,99] 1
X_[82,3] 0
X_[82,91] 0
X_[82,11] 0
X_[82,20] 0
X_[82,34] 0
X_[82,67] 0
X_[82,84] 0
X_[82,87] 0
X_[82,90] 0
X_[82,94] 0
X_[82,96] 0
X_[83,9] 0
X_[83,53] 0
X_[83,25] 0
X_[83,94] 0
X_[83,47] 0
X_[83,40] 0
X_[83,86] 0
X_[83,73] 0
X_[83,96] 0
X_[83,84] 0
X_[83,33] 0
X_[83,10] 0
X_[83,44] 0
X_[83,90] 0
X_[83,87] 0
X_[83,88] 0
X_[83,89] 0
X_[83,91] 0
X_[83,92] 0
X_[83,97] 0
X_[83,98] 0
X_[84,4] 0
X_[84,92] 0
X_[84,30] 0
X_[84,99] 1
X_[84,85] 0
X_[84,39] 0
X_[84,38] 0
X_[84,71] 0
X_[84,58] 0
X_[84,87] 0
X_[84,88] 0
X_[84,90] 0
X_[84,93] 0
X_[84,95] 0
X_[84,97] 0
X_[84,98] 0
X_[85,11] 0
X_[85,32] 0
X_[85,54] 0
X_[85,87] 0
X_[85,50] 0
X_[85,94] 0
X_[85,86] 0
X_[85,91] 0
X_[85,93] 0
X_[85,24] 0
X_[85,1] 0
X_[85,95] 0
X_[85,97] 0
X_[85,98] 0
X_[85,99] 0
X_[86,91] 0
X_[86,87] 0
X_[86,64] 0
X_[86,89] 0
X_[86,85] 0
X_[86,96] 0
X_[86,90] 0
X_[86,92] 0
X_[86,93] 0
X_[86,47] 0
X_[86,95] 0
X_[86,97] 0
X_[86,98] 0
X_[87,53] 0
X_[87,97] 0
X_[87,78] 0
X_[87,89] 0
X_[87,91] 0
X_[87,92] 0
X_[87,94] 0
X_[87,98] 0
X_[87,99] 1
X_[88,27] 0
X_[88,49] 0
X_[88,95] 0
X_[88,93] 0
X_[88,24] 0
X_[88,90] 0
X_[88,83] 0
X_[88,84] 0
X_[88,91] 0
X_[88,68] 0
X_[88,22] 0
X_[88,92] 0
X_[88,94] 0
X_[88,97] 0
X_[88,99] 1
X_[89,3] 0
X_[89,95] 0
X_[89,91] 0
X_[89,54] 0
X_[89,55] 0
X_[89,57] 0
X_[89,13] 0
X_[89,90] 0
X_[89,61] 0
X_[89,94] 0
X_[89,92] 0
X_[89,93] 0
X_[89,96] 0
X_[89,97] 0
X_[89,98] 0
X_[90,46] 0
X_[90,92] 1
X_[90,18] 0
X_[90,33] 0
X_[90,11] 0
X_[90,37] 0
X_[90,54] 0
X_[90,65] 0
X_[90,58] 0
X_[90,67] 0
X_[90,72] 0
X_[90,49] 0
X_[90,94] 0
X_[90,97] 0
X_[90,98] 0
X_[91,32] 0
X_[91,62] 0
X_[91,40] 0
X_[91,7] 0
X_[91,99] 1
X_[91,66] 0
X_[91,89] 0
X_[91,92] 0
X_[91,93] 0
X_[91,94] 0
X_[91,96] 0
X_[91,97] 0
X_[91,98] 0
X_[92,16] 0
X_[92,17] 0
X_[92,94] 0
X_[92,47] 0
X_[92,93] 0
X_[92,35] 0
X_[92,55] 0
X_[92,67] 0
X_[92,95] 0
X_[92,26] 0
X_[92,96] 0
X_[92,97] 0
X_[92,99] 1
X_[93,19] 0
X_[93,96] 0
X_[93,94] 0
X_[93,62] 0
X_[93,95] 0
X_[93,84] 0
X_[93,97] 0
X_[94,15] 0
X_[94,50] 0
X_[94,95] 0
X_[94,51] 0
X_[94,91] 0
X_[94,97] 0
X_[94,98] 0
X_[94,99] 1
X_[95,48] 0
X_[95,63] 0
X_[95,30] 0
X_[95,78] 0
X_[95,97] 0
X_[95,99] 1
X_[96,4] 0
X_[96,74] 0
X_[96,53] 0
X_[96,9] 0
X_[96,80] 0
X_[96,91] 0
X_[97,4] 0
X_[97,70] 0
X_[97,80] 0
X_[97,73] 0
X_[97,87] 0
X_[97,98] 0
X_[97,88] 0
X_[97,99] 1
X_[97,94] 0
X_[98,7] 0
X_[98,12] 0
X_[98,86] 0
X_[98,94] 0
X_[99,5] 0
X_[99,26] 0
X_[99,41] 0
X_[99,77] 0
